0 47512
1 47512
2 47496
3 47496
4 48008
5 48008
6 48009
7 48009
8 48025
9 48025
10 48027
11 48031
12 48031
13 48031
14 48031
15 48031
16 48095
17 48095
18 48095
19 48095
20 48095
21 48095
22 48095
23 48127
24 48127
25 48127
26 48127
27 48127
28 48127
29 48127
30 48127
31 48127
32 48127
33 48127
34 48127
35 48127
36 48127
37 48127
38 48127
39 48127
40 48127
41 48127
42 48127
43 48127
44 49151
45 49151
46 49151
47 49151
48 49151
49 49151
50 49151
51 49151
52 49151
53 49151
54 49151
55 49151
56 49151
57 49151
58 49151
59 49151
60 49151
61 49151
62 49151
63 49151
64 49151
65 49151
66 49151
67 49151
68 49151
69 49151
70 49151
71 49151
72 49151
73 49151
74 49151
75 49151
76 49151
77 49151
78 49151
79 49151
80 49151
81 49151
82 49151
83 49151
84 49151
85 49151
86 49151
87 49151
88 49151
89 49151
90 49151
91 49151
92 49151
93 49151
94 49151
95 49151
96 49151
97 49151
98 49151
99 49151
100 49151
101 49151
102 49151
103 49151
104 49151
105 49151
106 49151
107 49151
108 49151
109 49151
110 49151
111 49151
112 49151
113 49151
114 49151
115 49151
116 49151
117 49151
118 49151
119 49151
120 49151
121 49151
122 49151
123 49151
124 49151
125 49151
126 49151
127 49151
128 49151
129 49151
130 49151
131 49151
132 49151
133 49151
134 49151
135 49151
136 49151
137 49151
138 49151
139 49151
140 49151
141 49151
142 49151
143 49151
144 49151
145 49151
146 49151
147 49151
148 49151
149 49151
150 49151
151 49151
152 49151
153 49151
154 49151
155 49151
156 49151
157 49151
158 49151
159 49151
160 49151
161 49151
162 49151
163 49151
164 49151
165 49151
166 49151
167 49151
168 49151
169 49151
170 49151
171 49151
172 49151
173 49151
174 49151
175 49151
176 49151
177 49151
178 49151
179 49151
180 49151
181 49151
182 49151
183 49151
184 49151
185 49151
186 49151
187 49151
188 49151
189 49151
190 49151
191 49151
192 49151
193 49151
194 49151
195 49151
196 49151
197 49151
198 49151
199 49151
200 49151
201 49151
202 49151
203 49151
204 49151
205 49151
206 49151
207 49151
208 49151
209 49151
210 49151
211 49151
212 49151
213 49151
214 49151
215 49151
216 49151
217 49151
218 49151
219 49151
220 49151
221 49151
222 49151
223 49151
224 49151
225 49151
226 49151
227 49151
228 49151
229 49151
230 49151
231 49151
232 49151
233 49151
234 49151
235 49151
236 49151
237 49151
238 49151
239 49151
240 49151
241 49151
242 49151
243 49151
244 49151
245 49151
246 49151
247 49151
248 49151
249 49151
250 49151
251 49151
252 49151
253 49151
254 49151
255 49151
256 49151
257 49151
258 49151
259 49151
260 49151
261 49151
262 49151
263 49151
264 49151
265 49151
266 49151
267 49151
268 49151
269 49151
270 49151
271 49151
272 49151
273 49151
274 49151
275 49151
276 49151
277 49151
278 49151
279 49151
280 49151
281 49151
282 49151
283 49151
284 49151
285 49151
286 49151
287 49151
288 49151
289 49151
290 49151
291 49151
292 49151
293 49151
294 49151
295 49151
296 49151
297 49151
298 49151
299 49151
300 49151
301 49151
302 49151
303 49151
304 49151
305 49151
306 49151
307 49151
308 49151
309 49151
310 49151
311 49151
312 49151
313 49151
314 49151
315 49151
316 49151
317 49151
318 49151
319 49151
320 49151
321 49151
322 49151
323 49151
324 49151
325 49151
326 49151
327 49151
328 49151
329 49151
330 49151
331 49151
332 49151
333 49151
334 49151
335 49151
336 49151
337 49151
338 49151
339 49151
340 49151
341 49151
342 49151
343 49151
344 49151
345 49151
346 49151
347 49151
348 49151
349 49151
350 49151
351 49151
352 49151
353 49151
354 49151
355 49151
356 49151
357 49151
358 49151
359 49151
360 49151
361 49151
362 49151
363 49151
364 49151
365 49151
366 49151
367 49151
368 49151
369 49151
370 49151
371 49151
372 49151
373 49151
374 49151
375 49151
376 49151
377 49151
378 49151
379 49151
380 49151
381 49151
382 49151
383 49151
384 49151
385 49151
386 49151
387 49151
388 49151
389 49151
390 49151
391 49151
392 49151
393 49151
394 49151
395 49151
396 49151
397 49151
398 49151
399 49151
400 49151
401 49151
402 49151
403 49151
404 49151
405 49151
406 49151
407 49151
408 49151
409 49151
410 49151
411 49151
412 49151
413 49151
414 49151
415 49151
416 49151
417 49151
418 49151
419 49151
420 49151
421 49151
422 49151
423 49151
424 49151
425 49151
426 49151
427 49151
428 49151
429 49151
430 49151
431 49151
432 49151
433 49151
434 49151
435 49151
436 49151
437 49151
438 49151
439 49151
440 49151
441 49151
442 49151
443 49151
444 49151
445 49151
446 49151
447 49151
448 49151
449 49151
450 49151
451 49151
452 49151
453 49151
454 49151
455 49151
456 49151
457 49151
458 49151
459 49151
460 49151
461 49151
462 49151
463 49151
464 49151
465 49151
466 49151
467 49151
468 49151
469 49151
470 49151
471 49151
472 49151
473 49151
474 49151
475 49151
476 49151
477 49151
478 49151
479 49151
480 49151
481 49151
482 49151
483 49151
484 49151
485 49151
486 49151
487 49151
488 49151
489 49151
490 49151
491 49151
492 49151
493 49151
494 49151
495 49151
496 49151
497 49151
498 49151
499 49151
500 49151
501 49151
502 49151
503 49151
504 49151
505 49151
506 49151
507 49151
508 49151
509 49151
510 49151
511 49151
512 49151
513 49151
514 49151
515 49151
516 49151
517 49151
518 49151
519 49151
520 49151
521 49151
522 49151
523 49151
524 49151
525 49151
526 49151
527 49151
528 49151
529 49151
530 49151
531 49151
532 49151
533 49151
534 49151
535 49151
536 49151
537 49151
538 49151
539 49151
540 49151
541 49151
542 49151
543 49151
544 49151
545 49151
546 49151
547 49151
548 49151
549 49151
550 49151
551 49151
552 49151
553 49151
554 49151
555 49151
556 49151
557 49151
558 49151
559 49151
560 49151
561 49151
562 49151
563 49151
564 49151
565 49151
566 49151
567 49151
568 49151
569 49151
570 49151
571 49151
572 49151
573 49151
574 49151
575 49151
576 49151
577 49151
578 49151
579 49151
580 49151
581 49151
582 49151
583 49151
584 49151
585 49151
586 49151
587 49151
588 49151
589 49151
590 49151
591 49151
592 49151
593 49151
594 49151
595 49151
596 49151
597 49151
598 49151
599 49151
600 49151
601 49151
602 49151
603 49151
604 49151
605 49151
606 49151
607 49151
608 49151
609 49151
610 49151
611 49151
612 49151
613 49151
614 49151
615 49151
616 49151
617 49151
618 49151
619 49151
620 49151
621 49151
622 49151
623 49151
624 49151
625 49151
626 49151
627 49151
628 49151
629 49151
630 49151
631 49151
632 49151
633 49151
634 49151
635 49151
636 49151
637 49151
638 49151
639 49151
640 49151
641 49151
642 49151
643 49151
644 49151
645 49151
646 49151
647 49151
648 49151
649 49151
650 49151
651 49151
652 49151
653 49151
654 49151
655 49151
656 49151
657 49151
658 49151
659 49151
660 49151
661 49151
662 49151
663 49151
664 49151
665 49151
666 49151
667 49151
668 49151
669 49151
670 49151
671 49151
672 49151
673 49151
674 49151
675 49151
676 49151
677 49151
678 49151
679 49151
680 49151
681 49151
682 49151
683 49151
684 49151
685 49151
686 49151
687 49151
688 49151
689 49151
690 49151
691 49151
692 49151
693 49151
694 49151
695 49151
696 49151
697 49151
698 49151
699 49151
700 49151
701 49151
702 49151
703 49151
704 49151
705 49151
706 49151
707 49151
708 49151
709 49151
710 49151
711 49151
712 49151
713 49151
714 49151
715 49151
716 49151
717 49151
718 49151
719 49151
720 49151
721 49151
722 49151
723 49151
724 49151
725 49151
726 49151
727 49151
728 49151
729 49151
730 49151
731 49151
732 49151
733 49151
734 49151
735 49151
736 49151
737 49151
738 49151
739 49151
740 49151
741 49151
742 49151
743 49151
744 49151
745 49151
746 49151
747 49151
748 49151
749 49151
750 49151
751 49151
752 49151
753 49151
754 49151
755 49151
756 49151
757 49151
758 49151
759 49151
760 49151
761 49151
762 49151
763 49151
764 49151
765 49151
766 49151
767 49151
768 49151
769 49151
770 49151
771 49151
772 49151
773 49151
774 49151
775 49151
776 49151
777 49151
778 49151
779 49151
780 49151
781 49151
782 49151
783 49151
784 49151
785 49151
786 49151
787 49151
788 49151
789 49151
790 49151
791 49151
792 49151
793 49151
794 49151
795 49151
796 49151
797 49151
798 49151
799 49151
800 49151
801 49151
802 49151
803 49151
804 49151
805 49151
806 49151
807 49151
808 49151
809 49151
810 49151
811 49151
812 49151
813 49151
814 49151
815 49151
816 49151
817 49151
818 49151
819 49151
820 49151
821 49151
822 49151
823 49151
824 49151
825 49151
826 49151
827 49151
828 49151
829 49151
830 49151
831 49151
832 49151
833 49151
834 49151
835 49151
836 49151
837 49151
838 49151
839 49151
840 49151
841 49151
842 49151
843 49151
844 49151
845 49151
846 49151
847 49151
848 49151
849 49151
850 49151
851 49151
852 49151
853 49151
854 49151
855 49151
856 49151
857 49151
858 49151
859 49151
860 49151
861 49151
862 49151
863 49151
864 49151
865 49151
866 49151
867 49151
868 49151
869 49151
870 49151
871 49151
872 49151
873 49151
874 49151
875 49151
876 49151
877 49151
878 49151
879 49151
880 49151
881 49151
882 49151
883 49151
884 49151
885 49151
886 49151
887 49151
888 49151
889 49151
890 49151
891 49151
892 49151
893 49151
894 49151
895 49151
896 49151
897 49151
898 49151
899 49151
900 49151
901 49151
902 49151
903 49151
904 49151
905 49151
906 49151
907 49151
908 49151
909 49151
910 49151
911 49151
912 49151
913 49151
914 49151
915 49151
916 49151
917 49151
918 49151
919 49151
920 49151
921 49151
922 49151
923 49151
924 49151
925 49151
926 49151
927 49151
928 49151
929 49151
930 49151
931 49151
932 49151
933 49151
934 49151
935 49151
936 49151
937 49151
938 49151
939 49151
940 49151
941 49151
942 49151
943 49151
944 49151
945 49151
946 49151
947 49151
948 49151
949 49151
950 49151
951 49151
952 49151
953 49151
954 49151
955 49151
956 49151
957 49151
958 49151
959 49151
960 49151
961 49151
962 49151
963 49151
964 49151
965 49151
966 49151
967 49151
968 49151
969 49151
970 49151
971 49151
972 49151
973 49151
974 49151
975 49151
976 49151
977 49151
978 49151
979 49151
980 49151
981 49151
982 49151
983 49151
984 49151
985 49151
986 49151
987 49151
988 49151
989 49151
990 49151
991 49151
992 49151
993 49151
994 49151
995 49151
996 49151
997 49151
998 49151
999 49151
1000 49151
