0 50
1 49
2 48
3 49
4 48
5 49
6 50
7 50
8 51
9 51
10 51
11 51
12 52
13 53
14 53
15 53
16 53
17 54
18 54
19 55
20 55
21 55
22 56
23 56
24 56
25 57
26 58
27 58
28 59
29 60
30 61
31 62
32 62
33 62
34 62
35 62
36 62
37 63
38 63
39 63
40 63
41 63
42 64
43 65
44 66
45 67
46 68
47 69
48 70
49 70
50 70
51 70
52 70
53 70
54 70
55 70
56 70
57 70
58 71
59 72
60 73
61 73
62 73
63 73
64 73
65 73
66 73
67 73
68 73
69 74
70 74
71 74
72 75
73 75
74 76
75 76
76 76
77 76
78 76
79 76
80 77
81 77
82 77
83 77
84 77
85 77
86 77
87 78
88 78
89 79
90 80
91 80
92 80
93 80
94 81
95 81
96 81
97 81
98 81
99 81
100 81
101 82
102 82
103 82
104 82
105 82
106 83
107 83
108 83
109 84
110 84
111 84
112 85
113 85
114 85
115 85
116 85
117 86
118 86
119 87
120 88
121 88
122 88
123 88
124 88
125 88
126 88
127 88
128 88
129 88
130 88
131 88
132 89
133 89
134 89
135 89
136 89
137 89
138 90
139 90
140 90
141 90
142 91
143 92
144 92
145 92
146 92
147 92
148 92
149 92
150 92
151 92
152 92
153 92
154 92
155 92
156 92
157 92
158 92
159 92
160 92
161 92
162 92
163 92
164 92
165 92
166 92
167 92
168 92
169 92
170 92
171 92
172 92
173 92
174 92
175 92
176 92
177 92
178 92
179 92
180 92
181 92
182 92
183 92
184 92
185 93
186 93
187 93
188 93
189 93
190 93
191 93
192 93
193 93
194 93
195 93
196 93
197 93
198 93
199 93
200 94
201 94
202 94
203 94
204 94
205 94
206 94
207 94
208 94
209 94
210 94
211 94
212 94
213 94
214 94
215 94
216 94
217 94
218 94
219 94
220 94
221 94
222 94
223 94
224 94
225 94
226 94
227 94
228 95
229 95
230 95
231 95
232 96
233 96
234 96
235 97
236 97
237 97
238 97
239 97
240 97
241 97
242 97
243 97
244 97
245 97
246 97
247 97
248 97
249 97
250 97
251 97
252 97
253 97
254 97
255 97
256 97
257 97
258 97
259 97
260 97
261 97
262 97
263 97
264 97
265 97
266 97
267 97
268 97
269 97
270 97
271 97
272 97
273 97
274 97
275 97
276 97
277 97
278 97
279 97
280 97
281 97
282 97
283 97
284 97
285 97
286 97
287 97
288 97
289 97
290 97
291 97
292 97
293 97
294 97
295 97
296 97
297 97
298 97
299 97
300 97
301 97
302 97
303 97
304 97
305 97
306 97
307 97
308 97
309 97
310 97
311 98
312 98
313 98
314 98
315 98
316 98
317 98
318 98
319 98
320 98
321 98
322 98
323 98
324 98
325 98
326 98
327 98
328 98
329 98
330 98
331 98
332 98
333 98
334 98
335 98
336 98
337 98
338 98
339 98
340 98
341 98
342 98
343 98
344 98
345 98
346 98
347 98
348 98
349 98
350 98
351 98
352 98
353 98
354 98
355 98
356 98
357 98
358 98
359 98
360 98
361 98
362 98
363 98
364 98
365 98
366 98
367 98
368 98
369 98
370 98
371 98
372 98
373 98
374 98
375 98
376 98
377 98
378 98
379 98
380 98
381 99
382 99
383 99
384 99
385 99
386 99
387 99
388 99
389 99
390 99
391 99
392 99
393 99
394 99
395 99
396 99
397 99
398 99
399 99
400 99
401 99
402 99
403 99
404 99
405 99
406 99
407 99
408 99
409 99
410 99
411 99
412 99
413 99
414 99
415 99
416 99
417 99
418 99
419 99
420 99
421 99
422 99
423 99
424 99
425 99
426 99
427 99
428 99
429 100
430 100
431 100
432 100
433 100
434 100
435 100
436 100
437 100
438 100
439 100
440 100
441 100
442 100
443 100
444 100
445 100
446 100
447 100
448 100
449 100
450 100
451 100
452 100
453 100
454 100
455 100
456 100
457 100
458 100
459 100
460 100
461 100
462 100
463 100
464 100
465 100
466 100
467 100
468 100
469 100
470 100
471 100
472 100
473 100
474 100
475 100
476 100
477 100
478 100
479 100
480 100
481 100
482 100
483 100
484 100
485 100
486 100
487 100
488 100
489 100
490 100
491 100
492 100
493 100
494 100
495 100
496 100
497 100
498 100
499 100
500 100
501 100
502 100
503 100
504 100
505 100
506 100
507 100
508 100
509 100
510 100
511 100
512 100
513 100
514 100
515 100
516 100
517 100
518 100
519 100
520 100
521 100
522 100
523 100
524 100
525 100
526 100
527 100
528 100
529 100
530 100
531 100
532 100
533 100
534 100
535 100
536 100
537 100
538 100
539 100
540 100
541 100
542 100
543 100
544 100
545 100
546 100
547 100
548 100
549 100
550 100
551 100
552 100
553 100
554 100
555 100
556 100
557 100
558 100
559 100
560 100
561 100
562 100
563 100
564 100
565 100
566 100
567 100
568 100
569 100
570 100
571 100
572 100
573 100
574 100
575 100
576 100
577 100
578 100
579 100
580 100
581 100
582 100
583 100
584 100
585 100
586 100
587 100
588 100
589 100
590 100
591 100
592 100
593 100
594 100
595 100
596 100
597 100
598 100
599 100
600 100
601 100
602 100
603 100
604 100
605 100
606 100
607 100
608 100
609 100
610 100
611 100
612 100
613 100
614 100
615 100
616 100
617 100
618 100
619 100
620 100
621 100
622 100
623 100
624 100
625 100
626 100
627 100
628 100
629 100
630 100
631 100
632 100
633 100
634 100
635 100
636 100
637 100
638 100
639 100
640 100
641 100
642 100
643 100
644 100
645 100
646 100
647 100
648 100
649 100
650 100
651 100
652 100
653 100
654 100
655 100
656 100
657 100
658 100
659 100
660 100
661 100
662 100
663 100
664 100
665 100
666 100
667 100
668 100
669 100
670 100
671 100
672 100
673 100
674 100
675 100
676 100
677 100
678 100
679 100
680 100
681 100
682 100
683 100
684 100
685 100
686 100
687 100
688 100
689 100
690 100
691 100
692 100
693 100
694 100
695 100
696 100
697 100
698 100
699 100
700 100
701 100
702 100
703 100
704 100
705 100
706 100
707 100
708 100
709 100
710 100
711 100
712 100
713 100
714 100
715 100
716 100
717 100
718 100
719 100
720 100
721 100
722 100
723 100
724 100
725 100
726 100
727 100
728 100
729 100
730 100
731 100
732 100
733 100
734 100
735 100
736 100
737 100
738 100
739 100
740 100
741 100
742 100
743 100
744 100
745 100
746 100
747 100
748 100
749 100
750 100
751 100
752 100
753 100
754 100
755 100
756 100
757 100
758 100
759 100
760 100
761 100
762 100
763 100
764 100
765 100
766 100
767 100
768 100
769 100
770 100
771 100
772 100
773 100
774 100
775 100
776 100
777 100
778 100
779 100
780 100
781 100
782 100
783 100
784 100
785 100
786 100
787 100
788 100
789 100
790 100
791 100
792 100
793 100
794 100
795 100
796 100
797 100
798 100
799 100
800 100
801 100
802 100
803 100
804 100
805 100
806 100
807 100
808 100
809 100
810 100
811 100
812 100
813 100
814 100
815 100
816 100
817 100
818 100
819 100
820 100
821 100
822 100
823 100
824 100
825 100
826 100
827 100
828 100
829 100
830 100
831 100
832 100
833 100
834 100
835 100
836 100
837 100
838 100
839 100
840 100
841 100
842 100
843 100
844 100
845 100
846 100
847 100
848 100
849 100
850 100
851 100
852 100
853 100
854 100
855 100
856 100
857 100
858 100
859 100
860 100
861 100
862 100
863 100
864 100
865 100
866 100
867 100
868 100
869 100
870 100
871 100
872 100
873 100
874 100
875 100
876 100
877 100
878 100
879 100
880 100
881 100
882 100
883 100
884 100
885 100
886 100
887 100
888 100
889 100
890 100
891 100
892 100
893 100
894 100
895 100
896 100
897 100
898 100
899 100
900 100
901 100
902 100
903 100
904 100
905 100
906 100
907 100
908 100
909 100
910 100
911 100
912 100
913 100
914 100
915 100
916 100
917 100
918 100
919 100
920 100
921 100
922 100
923 100
924 100
925 100
926 100
927 100
928 100
929 100
930 100
931 100
932 100
933 100
934 100
935 100
936 100
937 100
938 100
939 100
940 100
941 100
942 100
943 100
944 100
945 100
946 100
947 100
948 100
949 100
950 100
951 100
952 100
953 100
954 100
955 100
956 100
957 100
958 100
959 100
960 100
961 100
962 100
963 100
964 100
965 100
966 100
967 100
968 100
969 100
970 100
971 100
972 100
973 100
974 100
975 100
976 100
977 100
978 100
979 100
980 100
981 100
982 100
983 100
984 100
985 100
986 100
987 100
988 100
989 100
990 100
991 100
992 100
993 100
994 100
995 100
996 100
997 100
998 100
999 100
1000 100
