0 56
1 57
2 56
3 57
4 58
5 57
6 58
7 58
8 57
9 58
10 59
11 59
12 59
13 60
14 61
15 61
16 61
17 62
18 62
19 62
20 62
21 63
22 63
23 63
24 64
25 65
26 66
27 66
28 66
29 67
30 67
31 68
32 69
33 69
34 69
35 70
36 70
37 71
38 72
39 72
40 73
41 73
42 73
43 73
44 74
45 74
46 74
47 74
48 74
49 75
50 75
51 76
52 76
53 76
54 76
55 76
56 76
57 76
58 76
59 76
60 77
61 77
62 77
63 77
64 77
65 78
66 78
67 78
68 78
69 78
70 78
71 78
72 78
73 78
74 78
75 78
76 78
77 78
78 79
79 80
80 80
81 80
82 80
83 80
84 81
85 81
86 81
87 82
88 82
89 83
90 83
91 83
92 83
93 84
94 84
95 84
96 84
97 85
98 86
99 86
100 86
101 86
102 86
103 87
104 87
105 87
106 87
107 87
108 87
109 87
110 87
111 87
112 87
113 87
114 87
115 87
116 87
117 87
118 87
119 88
120 88
121 88
122 88
123 88
124 88
125 88
126 88
127 88
128 88
129 88
130 88
131 88
132 88
133 89
134 89
135 90
136 90
137 90
138 90
139 90
140 90
141 90
142 90
143 90
144 90
145 90
146 90
147 90
148 90
149 90
150 90
151 90
152 91
153 91
154 91
155 91
156 91
157 91
158 91
159 91
160 91
161 91
162 91
163 91
164 91
165 91
166 91
167 91
168 91
169 91
170 91
171 91
172 91
173 91
174 91
175 91
176 91
177 91
178 91
179 91
180 91
181 91
182 91
183 91
184 92
185 92
186 92
187 92
188 93
189 93
190 93
191 93
192 93
193 93
194 93
195 93
196 93
197 94
198 94
199 94
200 94
201 94
202 94
203 94
204 94
205 94
206 94
207 94
208 94
209 94
210 94
211 94
212 94
213 94
214 94
215 94
216 94
217 94
218 94
219 94
220 94
221 94
222 94
223 94
224 94
225 94
226 94
227 94
228 94
229 94
230 94
231 94
232 94
233 94
234 94
235 94
236 94
237 94
238 94
239 94
240 94
241 94
242 94
243 94
244 94
245 94
246 94
247 94
248 94
249 94
250 94
251 94
252 94
253 94
254 94
255 94
256 95
257 95
258 95
259 95
260 95
261 95
262 95
263 95
264 95
265 95
266 95
267 95
268 95
269 95
270 95
271 95
272 95
273 95
274 95
275 95
276 95
277 95
278 95
279 95
280 95
281 95
282 95
283 95
284 95
285 95
286 95
287 96
288 96
289 96
290 96
291 96
292 97
293 97
294 97
295 98
296 98
297 98
298 98
299 98
300 98
301 98
302 98
303 98
304 98
305 98
306 98
307 98
308 98
309 98
310 98
311 98
312 98
313 98
314 98
315 98
316 98
317 98
318 98
319 98
320 98
321 98
322 98
323 98
324 98
325 98
326 98
327 98
328 98
329 98
330 98
331 98
332 98
333 98
334 98
335 98
336 98
337 98
338 98
339 98
340 98
341 98
342 98
343 98
344 98
345 98
346 99
347 99
348 99
349 99
350 99
351 99
352 99
353 99
354 99
355 99
356 99
357 99
358 99
359 99
360 99
361 99
362 99
363 99
364 99
365 99
366 99
367 99
368 99
369 99
370 99
371 99
372 99
373 99
374 99
375 99
376 99
377 99
378 99
379 99
380 99
381 99
382 99
383 99
384 99
385 99
386 99
387 99
388 99
389 99
390 99
391 99
392 99
393 99
394 99
395 99
396 99
397 99
398 99
399 99
400 99
401 99
402 99
403 99
404 99
405 99
406 99
407 99
408 99
409 99
410 99
411 99
412 99
413 99
414 99
415 99
416 99
417 99
418 99
419 99
420 99
421 99
422 99
423 99
424 99
425 99
426 99
427 99
428 99
429 99
430 99
431 99
432 99
433 99
434 99
435 99
436 99
437 99
438 99
439 99
440 99
441 99
442 99
443 99
444 99
445 99
446 99
447 99
448 99
449 99
450 99
451 99
452 99
453 99
454 99
455 99
456 99
457 99
458 99
459 99
460 99
461 99
462 99
463 99
464 99
465 99
466 99
467 99
468 99
469 99
470 99
471 99
472 99
473 99
474 99
475 99
476 99
477 99
478 99
479 99
480 99
481 99
482 99
483 99
484 99
485 99
486 99
487 99
488 99
489 99
490 99
491 99
492 99
493 99
494 99
495 99
496 99
497 100
498 100
499 100
500 100
501 100
502 100
503 100
504 100
505 100
506 100
507 100
508 100
509 100
510 100
511 100
512 100
513 100
514 100
515 100
516 100
517 100
518 100
519 100
520 100
521 100
522 100
523 100
524 100
525 100
526 100
527 100
528 100
529 100
530 100
531 100
532 100
533 100
534 100
535 100
536 100
537 100
538 100
539 100
540 100
541 100
542 100
543 100
544 100
545 100
546 100
547 100
548 100
549 100
550 100
551 100
552 100
553 100
554 100
555 100
556 100
557 100
558 100
559 100
560 100
561 100
562 100
563 100
564 100
565 100
566 100
567 100
568 100
569 100
570 100
571 100
572 100
573 100
574 100
575 100
576 100
577 100
578 100
579 100
580 100
581 100
582 100
583 100
584 100
585 100
586 100
587 100
588 100
589 100
590 100
591 100
592 100
593 100
594 100
595 100
596 100
597 100
598 100
599 100
600 100
601 100
602 100
603 100
604 100
605 100
606 100
607 100
608 100
609 100
610 100
611 100
612 100
613 100
614 100
615 100
616 100
617 100
618 100
619 100
620 100
621 100
622 100
623 100
624 100
625 100
626 100
627 100
628 100
629 100
630 100
631 100
632 100
633 100
634 100
635 100
636 100
637 100
638 100
639 100
640 100
641 100
642 100
643 100
644 100
645 100
646 100
647 100
648 100
649 100
650 100
651 100
652 100
653 100
654 100
655 100
656 100
657 100
658 100
659 100
660 100
661 100
662 100
663 100
664 100
665 100
666 100
667 100
668 100
669 100
670 100
671 100
672 100
673 100
674 100
675 100
676 100
677 100
678 100
679 100
680 100
681 100
682 100
683 100
684 100
685 100
686 100
687 100
688 100
689 100
690 100
691 100
692 100
693 100
694 100
695 100
696 100
697 100
698 100
699 100
700 100
701 100
702 100
703 100
704 100
705 100
706 100
707 100
708 100
709 100
710 100
711 100
712 100
713 100
714 100
715 100
716 100
717 100
718 100
719 100
720 100
721 100
722 100
723 100
724 100
725 100
726 100
727 100
728 100
729 100
730 100
731 100
732 100
733 100
734 100
735 100
736 100
737 100
738 100
739 100
740 100
741 100
742 100
743 100
744 100
745 100
746 100
747 100
748 100
749 100
750 100
751 100
752 100
753 100
754 100
755 100
756 100
757 100
758 100
759 100
760 100
761 100
762 100
763 100
764 100
765 100
766 100
767 100
768 100
769 100
770 100
771 100
772 100
773 100
774 100
775 100
776 100
777 100
778 100
779 100
780 100
781 100
782 100
783 100
784 100
785 100
786 100
787 100
788 100
789 100
790 100
791 100
792 100
793 100
794 100
795 100
796 100
797 100
798 100
799 100
800 100
801 100
802 100
803 100
804 100
805 100
806 100
807 100
808 100
809 100
810 100
811 100
812 100
813 100
814 100
815 100
816 100
817 100
818 100
819 100
820 100
821 100
822 100
823 100
824 100
825 100
826 100
827 100
828 100
829 100
830 100
831 100
832 100
833 100
834 100
835 100
836 100
837 100
838 100
839 100
840 100
841 100
842 100
843 100
844 100
845 100
846 100
847 100
848 100
849 100
850 100
851 100
852 100
853 100
854 100
855 100
856 100
857 100
858 100
859 100
860 100
861 100
862 100
863 100
864 100
865 100
866 100
867 100
868 100
869 100
870 100
871 100
872 100
873 100
874 100
875 100
876 100
877 100
878 100
879 100
880 100
881 100
882 100
883 100
884 100
885 100
886 100
887 100
888 100
889 100
890 100
891 100
892 100
893 100
894 100
895 100
896 100
897 100
898 100
899 100
900 100
901 100
902 100
903 100
904 100
905 100
906 100
907 100
908 100
909 100
910 100
911 100
912 100
913 100
914 100
915 100
916 100
917 100
918 100
919 100
920 100
921 100
922 100
923 100
924 100
925 100
926 100
927 100
928 100
929 100
930 100
931 100
932 100
933 100
934 100
935 100
936 100
937 100
938 100
939 100
940 100
941 100
942 100
943 100
944 100
945 100
946 100
947 100
948 100
949 100
950 100
951 100
952 100
953 100
954 100
955 100
956 100
957 100
958 100
959 100
960 100
961 100
962 100
963 100
964 100
965 100
966 100
967 100
968 100
969 100
970 100
971 100
972 100
973 100
974 100
975 100
976 100
977 100
978 100
979 100
980 100
981 100
982 100
983 100
984 100
985 100
986 100
987 100
988 100
989 100
990 100
991 100
992 100
993 100
994 100
995 100
996 100
997 100
998 100
999 100
1000 100
