0 7.97343
1 4.84744
2 3.37323
3 2.75861
4 2.34281
5 2.04529
6 1.74472
7 1.28343
8 0.978008
9 0.873944
10 0.653706
11 0.492378
12 0.355534
13 0.239818
14 0.193979
15 0.179318
16 0.114249
17 0.0980069
18 0.0558511
19 0.049382
20 0.0360689
21 0.0314454
22 0.0248758
23 0.0226929
24 0.0185975
25 0.010484
26 0.00900496
27 0.00741747
28 0.00564778
29 0.003739
30 0.0024709
31 0.00157717
32 0.00110261
33 0.000749009
34 0.000595011
35 0.000453861
36 0.000220083
37 0.000168636
38 0.000125185
39 7.86047e-05
40 5.44228e-05
41 4.00627e-05
42 2.4177e-05
43 1.22064e-05
44 7.40387e-06
45 4.69384e-06
46 2.78517e-06
47 2.11025e-06
48 1.13289e-06
49 7.98267e-07
50 4.56938e-07
51 2.2989e-07
52 1.46155e-07
53 8.5018e-08
54 5.27884e-08
55 2.8523e-08
56 1.78408e-08
57 8.52752e-09
58 5.10366e-09
59 2.89446e-09
60 1.6692e-09
61 8.36197e-10
62 3.95204e-10
63 1.63491e-10
64 6.80652e-11
65 2.8026e-11
66 1.9453e-11
67 9.91311e-12
68 5.60165e-12
69 2.97513e-12
70 1.20328e-12
71 4.64902e-13
72 2.18225e-13
73 8.57092e-14
74 5.24321e-14
75 1.42997e-14
76 8.49691e-15
77 6.01e-15
78 2.81256e-15
79 1.5099e-15
80 1.15463e-15
81 7.9936e-16
82 6.80936e-16
83 4.44089e-16
84 4.44089e-16
85 4.44089e-16
86 4.44089e-16
87 4.44089e-16
88 4.44089e-16
89 4.44089e-16
90 4.44089e-16
91 4.44089e-16
92 4.44089e-16
93 4.44089e-16
94 4.44089e-16
95 4.44089e-16
96 4.44089e-16
97 4.44089e-16
98 4.44089e-16
99 4.44089e-16
100 4.44089e-16
101 4.44089e-16
102 4.44089e-16
103 4.44089e-16
104 4.44089e-16
105 4.44089e-16
106 4.44089e-16
107 4.44089e-16
108 4.44089e-16
109 4.44089e-16
110 4.44089e-16
111 4.44089e-16
112 4.44089e-16
113 4.44089e-16
114 4.44089e-16
115 4.44089e-16
116 4.44089e-16
117 4.44089e-16
118 4.44089e-16
119 4.44089e-16
120 4.44089e-16
121 4.44089e-16
122 4.44089e-16
123 4.44089e-16
124 4.44089e-16
125 4.44089e-16
126 4.44089e-16
127 4.44089e-16
128 4.44089e-16
129 4.44089e-16
130 4.44089e-16
131 4.44089e-16
132 4.44089e-16
133 4.44089e-16
