0 0.000000
1 4.866667
2 5.866667
3 6.833333
4 7.800000
5 8.666667
6 9.366667
7 9.700000
8 9.900000
9 9.966667
10 10.000000
11 10.000000
12 10.000000
13 10.000000
14 10.000000
15 10.000000
16 10.000000
17 10.000000
18 10.000000
19 10.000000
20 10.000000
21 10.000000
22 10.000000
23 10.000000
24 10.000000
25 10.000000
26 10.000000
27 10.000000
28 10.000000
29 10.000000
30 10.000000
31 10.000000
32 10.000000
33 10.000000
34 10.000000
35 10.000000
36 10.000000
37 10.000000
38 10.000000
39 10.000000
40 10.000000
41 10.000000
42 10.000000
43 10.000000
44 10.000000
45 10.000000
46 10.000000
47 10.000000
48 10.000000
49 10.000000
50 10.000000
51 10.000000
52 10.000000
53 10.000000
54 10.000000
55 10.000000
56 10.000000
57 10.000000
58 10.000000
59 10.000000
60 10.000000
