0 0
5 2
10 2
15 5
20 5
25 5
30 10
35 10
40 12
45 12
50 12
55 12
60 12
65 13
70 13
75 13
80 15
85 16
90 16
95 17
100 17
105 17
110 17
115 18
120 18
125 18
130 18
135 18
140 18
145 18
150 18
155 18
160 18
165 18
170 18
175 20
180 20
185 20
190 20
195 20
200 20
205 20
210 20
215 20
220 20
225 21
230 21
235 21
240 21
245 21
250 21
255 21
260 21
265 21
270 21
275 21
280 21
285 21
290 21
295 21
300 21
305 21
310 21
315 21
320 21
325 21
330 22
335 22
340 23
345 23
350 23
355 23
360 23
365 23
370 23
375 23
380 23
385 23
390 23
395 23
400 23
405 23
410 23
415 23
420 23
425 23
430 23
435 23
440 23
445 23
450 23
455 23
460 23
465 23
470 23
475 23
480 23
485 24
490 24
495 24
500 24
505 24
510 24
515 24
520 24
525 24
530 24
535 24
540 24
545 24
550 24
555 24
560 24
565 24
570 24
575 24
580 24
585 24
590 24
595 24
600 24
605 24
610 24
615 24
620 24
625 24
630 24
635 24
640 24
645 24
650 24
655 24
660 24
665 24
670 24
675 24
680 24
685 24
690 24
695 24
700 24
705 24
710 24
715 24
720 24
725 24
730 24
735 24
740 24
745 24
750 24
755 24
760 24
765 26
770 26
775 26
780 26
785 26
790 26
795 26
800 26
805 26
810 26
815 26
820 26
825 26
830 26
835 26
840 26
845 26
850 26
855 26
860 26
865 26
870 26
875 26
880 26
885 26
890 26
895 26
900 26
905 26
910 26
915 26
920 26
925 26
930 26
935 26
940 26
945 26
950 26
955 26
960 26
965 26
970 26
975 26
980 26
985 26
990 26
995 26
1000 26
1005 26
1010 26
1015 26
1020 26
1025 26
1030 26
1035 26
1040 26
1045 26
1050 26
1055 26
1060 26
1065 27
1070 27
1075 27
1080 27
1085 27
1090 27
1095 27
1100 27
1105 27
1110 27
1115 27
1120 27
1125 27
1130 27
1135 27
1140 27
1145 27
1150 27
1155 27
1160 27
1165 27
1170 27
1175 27
1180 27
1185 27
1190 28
1195 28
1200 28
1205 28
1210 28
1215 28
1220 28
1225 28
1230 28
1235 28
1240 28
1245 28
1250 28
1255 28
1260 28
1265 28
1270 28
1275 28
1280 28
1285 28
1290 28
1295 28
1300 28
1305 28
1310 28
1315 28
1320 28
1325 28
1330 28
1335 28
1340 28
1345 28
1350 28
1355 28
1360 28
1365 28
1370 28
1375 28
1380 28
1385 28
1390 28
1395 28
1400 28
1405 28
1410 28
1415 28
1420 28
1425 28
1430 28
1435 28
1440 28
1445 28
1450 28
1455 28
1460 28
1465 28
1470 28
1475 28
1480 28
1485 28
1490 28
1495 28
1500 28
1505 28
1510 28
1515 28
1520 28
1525 28
1530 28
1535 28
1540 28
1545 28
1550 28
1555 28
1560 28
1565 28
1570 28
1575 28
1580 28
1585 28
1590 28
1595 28
1600 28
1605 28
1610 28
1615 28
1620 28
1625 28
1630 28
1635 28
1640 28
1645 28
1650 28
1655 28
1660 28
1665 28
1670 28
1675 28
1680 28
1685 28
1690 28
1695 28
1700 28
1705 28
1710 28
1715 28
1720 28
1725 28
1730 28
1735 28
1740 28
1745 28
1750 28
1755 28
1760 28
1765 28
1770 28
1775 28
1780 28
1785 28
1790 28
1795 28
1800 28
1805 28
1810 28
1815 28
1820 28
1825 28
1830 28
1835 28
1840 28
1845 28
1850 28
1855 28
1860 28
1865 28
1870 28
1875 28
1880 28
1885 28
1890 28
1895 28
1900 28
1905 28
1910 28
1915 28
1920 28
1925 28
1930 28
1935 28
1940 28
1945 28
1950 28
1955 28
1960 28
1965 28
1970 28
1975 28
1980 28
1985 28
1990 28
1995 28
2000 28
2005 28
2010 28
2015 28
2020 28
2025 28
2030 28
2035 28
2040 28
2045 28
2050 28
2055 28
2060 28
2065 28
2070 28
2075 28
2080 28
2085 28
2090 28
2095 28
2100 28
2105 28
2110 28
2115 28
2120 28
2125 28
2130 28
2135 28
2140 28
2145 28
2150 28
2155 28
2160 28
2165 28
2170 28
2175 28
2180 28
2185 28
2190 28
2195 28
2200 28
2205 28
2210 28
2215 28
2220 28
2225 28
2230 28
2235 28
2240 28
2245 28
2250 28
2255 28
2260 28
2265 28
2270 28
2275 28
2280 28
2285 28
2290 28
2295 28
2300 28
2305 28
2310 28
2315 28
2320 28
2325 28
2330 28
2335 28
2340 28
2345 28
2350 28
2355 28
2360 28
2365 28
2370 28
2375 28
2380 28
2385 28
2390 28
2395 28
2400 28
2405 28
2410 28
2415 28
2420 28
2425 28
2430 28
2435 28
2440 28
2445 28
2450 28
2455 28
2460 28
2465 28
2470 28
2475 28
2480 29
2485 29
2490 29
2495 29
2500 29
2505 29
2510 29
2515 29
2520 29
2525 29
2530 29
2535 29
2540 29
2545 29
2550 29
2555 29
2560 29
2565 29
2570 29
2575 29
2580 29
2585 29
2590 29
2595 29
2600 29
2605 29
2610 29
2615 29
2620 29
2625 29
2630 29
2635 29
2640 29
2645 29
2650 29
2655 29
2660 29
2665 29
2670 29
2675 29
2680 29
2685 29
2690 29
2695 29
2700 29
2705 29
2710 29
2715 29
2720 29
2725 29
2730 29
2735 29
2740 29
2745 29
2750 29
2755 29
2760 29
2765 29
2770 29
2775 29
2780 29
2785 29
2790 29
2795 29
2800 29
2805 29
2810 29
2815 29
2820 29
2825 29
2830 29
2835 29
2840 29
2845 29
2850 29
2855 29
2860 29
2865 29
2870 29
2875 29
2880 29
2885 29
2890 29
2895 29
2900 29
2905 29
2910 29
2915 29
2920 29
2925 29
2930 29
2935 29
2940 29
2945 29
2950 29
2955 29
2960 29
2965 29
2970 29
2975 29
2980 29
2985 29
2990 29
2995 29
3000 29
3005 29
3010 29
3015 29
3020 29
3025 29
3030 29
3035 29
3040 29
3045 29
3050 29
3055 29
3060 29
3065 29
3070 29
3075 29
3080 29
3085 29
3090 29
3095 29
3100 29
3105 29
3110 29
3115 29
3120 29
3125 29
3130 29
3135 29
3140 29
3145 29
3150 29
3155 29
3160 29
3165 29
3170 29
3175 29
3180 29
3185 29
3190 29
3195 29
3200 29
3205 29
3210 29
3215 29
3220 29
3225 29
3230 29
3235 29
3240 29
3245 29
3250 29
3255 29
3260 29
3265 29
3270 29
3275 29
3280 29
3285 29
3290 29
3295 29
3300 29
3305 29
3310 29
3315 29
3320 29
3325 29
3330 29
3335 29
3340 29
3345 29
3350 29
3355 29
3360 29
3365 29
3370 29
3375 29
3380 29
3385 29
3390 29
3395 29
3400 29
3405 29
3410 29
3415 29
3420 29
3425 29
3430 29
3435 29
3440 29
3445 29
3450 29
3455 29
3460 29
3465 29
3470 29
3475 29
3480 29
3485 29
3490 29
3495 29
3500 29
3505 29
3510 29
3515 29
3520 29
3525 29
3530 29
3535 29
3540 29
3545 29
3550 29
3555 29
3560 29
3565 29
3570 29
3575 29
3580 29
3585 29
3590 29
3595 29
3600 29
3605 29
3610 29
3615 29
3620 29
3625 29
3630 29
3635 29
3640 29
3645 29
3650 29
3655 29
3660 29
3665 29
3670 29
3675 29
3680 29
3685 29
3690 29
3695 29
3700 29
3705 29
3710 29
3715 29
3720 29
3725 29
3730 29
3735 29
3740 29
3745 29
3750 29
3755 29
3760 29
3765 29
3770 29
3775 29
3780 29
3785 29
3790 29
3795 29
3800 29
3805 29
3810 29
3815 29
3820 29
3825 29
3830 29
3835 29
3840 29
3845 29
3850 29
3855 29
3860 29
3865 29
3870 29
3875 29
3880 29
3885 29
3890 29
3895 29
3900 29
3905 29
3910 29
3915 29
3920 29
3925 29
3930 29
3935 29
3940 29
3945 29
3950 29
3955 29
3960 29
3965 29
3970 29
3975 29
3980 29
3985 29
3990 29
3995 29
4000 29
4005 29
4010 29
4015 29
4020 29
4025 29
4030 29
4035 29
4040 29
4045 29
4050 29
4055 29
4060 29
4065 29
4070 29
4075 29
4080 29
4085 29
4090 29
4095 29
4100 29
4105 29
4110 29
4115 29
4120 29
4125 29
4130 29
4135 29
4140 29
4145 29
4150 29
4155 29
4160 29
4165 29
4170 29
4175 29
4180 29
4185 29
4190 29
4195 29
4200 29
4205 29
4210 29
4215 29
4220 29
4225 29
4230 29
4235 29
4240 29
4245 29
4250 29
4255 29
4260 29
4265 29
4270 29
4275 29
4280 29
4285 29
4290 29
4295 29
4300 29
4305 29
4310 29
4315 29
4320 29
4325 29
4330 29
4335 29
4340 29
4345 29
4350 29
4355 29
4360 29
4365 29
4370 29
4375 29
4380 29
4385 29
4390 29
4395 29
4400 29
4405 29
4410 29
4415 29
4420 29
4425 29
4430 29
4435 29
4440 29
4445 29
4450 29
4455 29
4460 29
4465 29
4470 29
4475 29
4480 29
4485 29
4490 29
4495 29
4500 29
4505 29
4510 29
4515 29
4520 29
4525 29
4530 29
4535 29
4540 29
4545 29
4550 29
4555 29
4560 29
4565 29
4570 29
4575 29
4580 29
4585 29
4590 29
4595 29
4600 29
4605 29
4610 29
4615 29
4620 29
4625 29
4630 29
4635 29
4640 29
4645 29
4650 29
4655 29
4660 29
4665 29
4670 29
4675 29
4680 29
4685 29
4690 29
4695 29
4700 29
4705 29
4710 29
4715 29
4720 29
4725 29
4730 29
4735 29
4740 29
4745 29
4750 29
4755 29
4760 29
4765 29
4770 29
4775 29
4780 29
4785 29
4790 29
4795 29
4800 29
4805 29
4810 29
4815 29
4820 29
4825 29
4830 29
4835 29
4840 29
4845 29
4850 29
4855 29
4860 29
4865 29
4870 29
4875 29
4880 29
4885 29
4890 29
4895 29
4900 29
4905 29
4910 29
4915 29
4920 29
4925 29
4930 29
4935 29
4940 29
4945 29
4950 29
4955 29
4960 29
4965 29
4970 29
4975 29
4980 29
4985 29
4990 29
4995 29
5000 29
5005 29
5010 29
5015 29
5020 29
5025 29
5030 29
5035 29
5040 29
5045 29
5050 29
5055 29
5060 29
5065 29
5070 29
5075 29
5080 29
5085 29
5090 29
5095 29
5100 29
5105 29
5110 29
5115 29
5120 29
5125 29
5130 29
5135 29
5140 29
5145 29
5150 29
5155 29
5160 29
5165 29
5170 29
5175 29
5180 29
5185 29
5190 29
5195 29
5200 29
5205 29
5210 29
5215 29
5220 29
5225 29
5230 29
5235 29
5240 29
5245 29
5250 29
5255 29
5260 29
5265 29
5270 29
5275 29
5280 29
5285 29
5290 29
5295 29
5300 29
5305 29
5310 29
5315 29
5320 29
5325 29
5330 29
5335 29
5340 29
5345 29
5350 29
5355 29
5360 29
5365 29
5370 29
5375 29
5380 29
5385 29
5390 29
5395 29
5400 29
5405 29
5410 29
5415 29
5420 29
5425 29
5430 29
5435 29
5440 29
5445 29
5450 29
5455 29
5460 29
5465 29
5470 29
5475 29
5480 29
5485 29
5490 29
5495 29
5500 29
5505 29
5510 29
5515 29
5520 29
5525 29
5530 29
5535 29
5540 29
5545 29
5550 29
5555 29
5560 29
5565 29
5570 29
5575 29
5580 29
5585 29
5590 29
5595 29
5600 29
5605 29
5610 29
5615 29
5620 29
5625 29
5630 29
5635 29
5640 29
5645 29
5650 29
5655 29
5660 29
5665 29
5670 29
5675 29
5680 29
5685 29
5690 29
5695 29
5700 29
5705 29
5710 29
5715 29
5720 29
5725 29
5730 29
5735 29
5740 29
5745 29
5750 29
5755 29
5760 29
5765 29
5770 29
5775 29
5780 29
5785 29
5790 29
5795 29
5800 29
5805 29
5810 29
5815 29
5820 29
5825 29
5830 29
5835 29
5840 29
5845 29
5850 29
5855 29
5860 29
5865 29
5870 29
5875 29
5880 29
5885 29
5890 29
5895 29
5900 29
5905 29
5910 29
5915 29
5920 29
5925 29
5930 29
5935 29
5940 29
5945 29
5950 29
5955 29
5960 29
5965 29
5970 29
5975 29
5980 29
5985 29
5990 29
5995 29
6000 29
6005 29
6010 29
6015 29
6020 29
6025 29
6030 29
6035 29
6040 29
6045 29
6050 29
6055 29
6060 29
6065 29
6070 29
6075 29
6080 29
6085 29
6090 29
6095 29
6100 29
6105 29
6110 29
6115 29
6120 29
6125 29
6130 29
6135 29
6140 29
6145 29
6150 29
6155 29
6160 29
6165 29
6170 29
6175 29
6180 29
6185 29
6190 29
6195 29
6200 29
6205 29
6210 29
6215 29
6220 29
6225 29
6230 29
6235 29
6240 29
6245 29
6250 29
6255 29
6260 29
6265 29
6270 29
6275 29
6280 29
6285 29
6290 29
6295 29
6300 29
6305 29
6310 29
6315 29
6320 29
6325 29
6330 29
6335 29
6340 29
6345 29
6350 29
6355 29
6360 29
6365 29
6370 29
6375 29
6380 29
6385 29
6390 29
6395 29
6400 29
6405 29
6410 29
6415 29
6420 29
6425 29
6430 29
6435 29
6440 29
6445 29
6450 29
6455 29
6460 29
6465 29
6470 29
6475 29
6480 29
6485 29
6490 29
6495 29
6500 29
6505 29
6510 29
6515 29
6520 29
6525 29
6530 29
6535 29
6540 29
6545 29
6550 29
6555 29
6560 29
6565 29
6570 29
6575 29
6580 29
6585 29
6590 29
6595 29
6600 29
6605 29
6610 29
6615 29
6620 29
6625 29
6630 29
6635 29
6640 29
6645 29
6650 29
6655 29
6660 29
6665 29
6670 29
6675 29
6680 29
6685 29
6690 29
6695 29
6700 29
6705 29
6710 29
6715 29
6720 29
6725 29
6730 29
6735 29
6740 29
6745 29
6750 29
6755 29
6760 29
6765 29
6770 29
6775 29
6780 29
6785 29
6790 29
6795 29
6800 29
6805 29
6810 29
6815 29
6820 29
6825 29
6830 29
6835 29
6840 29
6845 29
6850 29
6855 29
6860 29
6865 29
6870 29
6875 29
6880 29
6885 29
6890 29
6895 29
6900 29
6905 29
6910 29
6915 29
6920 29
6925 29
6930 29
6935 29
6940 29
6945 29
6950 29
6955 29
6960 29
6965 29
6970 29
6975 29
6980 29
6985 29
6990 29
6995 29
7000 29
7005 29
7010 29
7015 29
7020 29
7025 29
7030 29
7035 29
7040 29
7045 29
7050 29
7055 29
7060 29
7065 29
7070 29
7075 29
7080 29
7085 29
7090 29
7095 29
7100 29
7105 29
7110 29
7115 29
7120 29
7125 29
7130 29
7135 29
7140 29
7145 29
7150 29
7155 29
7160 29
7165 29
7170 29
7175 29
7180 29
7185 29
7190 29
7195 29
7200 29
7205 29
7210 29
7215 29
7220 29
7225 29
7230 29
7235 29
7240 29
7245 29
7250 29
7255 29
7260 29
7265 29
7270 29
7275 29
7280 29
7285 29
7290 29
7295 29
7300 29
7305 29
7310 29
7315 29
7320 29
7325 29
7330 29
7335 29
7340 29
7345 29
7350 29
7355 29
7360 29
7365 29
7370 29
7375 29
7380 29
7385 29
7390 29
7395 29
7400 29
7405 29
7410 29
7415 29
7420 29
7425 29
7430 29
7435 29
7440 29
7445 29
7450 29
7455 29
7460 29
7465 29
7470 29
7475 29
7480 29
7485 29
7490 29
7495 29
7500 29
7505 29
7510 29
7515 29
7520 29
7525 29
7530 29
7535 29
7540 29
7545 29
7550 29
7555 29
7560 29
7565 29
7570 29
7575 29
7580 29
7585 29
7590 29
7595 29
7600 29
7605 29
7610 29
7615 29
7620 29
7625 29
7630 29
7635 29
7640 29
7645 29
7650 29
7655 29
7660 29
7665 29
7670 29
7675 29
7680 29
7685 29
7690 29
7695 29
7700 29
7705 29
7710 29
7715 29
7720 29
7725 29
7730 29
7735 29
7740 29
7745 29
7750 29
7755 29
7760 29
7765 29
7770 29
7775 29
7780 29
7785 29
7790 29
7795 29
7800 29
7805 29
7810 29
7815 29
7820 29
7825 29
7830 29
7835 29
7840 29
7845 29
7850 29
7855 29
7860 29
7865 29
7870 29
7875 29
7880 29
7885 29
7890 29
7895 29
7900 29
7905 29
7910 29
7915 29
7920 29
7925 29
7930 29
7935 29
7940 29
7945 29
7950 29
7955 29
7960 29
7965 29
7970 29
7975 29
7980 29
7985 29
7990 29
7995 29
8000 29
8005 29
8010 29
8015 29
8020 29
8025 29
8030 29
8035 29
8040 29
8045 29
8050 29
8055 29
8060 29
8065 29
8070 29
8075 29
8080 29
8085 29
8090 29
8095 29
8100 29
8105 29
8110 29
8115 29
8120 29
8125 29
8130 29
8135 29
8140 29
8145 29
8150 29
8155 29
8160 29
8165 29
8170 29
8175 29
8180 29
8185 29
8190 29
8195 29
8200 29
8205 29
8210 29
8215 29
8220 29
8225 29
8230 29
8235 29
8240 29
8245 29
8250 29
8255 29
8260 29
8265 29
8270 29
8275 29
8280 29
8285 29
8290 29
8295 29
8300 29
8305 29
8310 29
8315 29
8320 29
8325 29
8330 29
8335 29
8340 29
8345 29
8350 29
8355 29
8360 29
8365 29
8370 29
8375 29
8380 29
8385 29
8390 29
8395 29
8400 29
8405 29
8410 29
8415 29
8420 29
8425 29
8430 29
8435 29
8440 29
8445 29
8450 29
8455 29
8460 29
8465 29
8470 29
8475 29
8480 29
8485 29
8490 29
8495 29
8500 29
8505 29
8510 29
8515 29
8520 29
8525 29
8530 29
8535 29
8540 29
8545 29
8550 29
8555 29
8560 29
8565 29
8570 29
8575 29
8580 29
8585 29
8590 29
8595 29
8600 29
8605 29
8610 29
8615 29
8620 29
8625 29
8630 29
8635 29
8640 29
8645 29
8650 29
8655 29
8660 29
8665 29
8670 29
8675 29
8680 29
8685 29
8690 29
8695 29
8700 29
8705 29
8710 29
8715 29
8720 29
8725 29
8730 29
8735 29
8740 29
8745 29
8750 29
8755 29
8760 29
8765 29
8770 29
8775 29
8780 29
8785 29
8790 29
8795 29
8800 29
8805 29
8810 29
8815 29
8820 29
8825 29
8830 29
8835 29
8840 29
8845 29
8850 29
8855 29
8860 29
8865 29
8870 29
8875 29
8880 29
8885 29
8890 29
8895 29
8900 29
8905 29
8910 29
8915 29
8920 29
8925 29
8930 29
8935 29
8940 29
8945 29
8950 29
8955 29
8960 29
8965 29
8970 29
8975 29
8980 29
8985 29
8990 29
8995 29
9000 29
9005 29
9010 29
9015 29
9020 29
9025 29
9030 29
9035 29
9040 29
9045 29
9050 29
9055 29
9060 29
9065 29
9070 29
9075 29
9080 29
9085 29
9090 29
9095 29
9100 29
9105 29
9110 29
9115 29
9120 29
9125 29
9130 29
9135 29
9140 29
9145 29
9150 29
9155 29
9160 29
9165 29
9170 29
9175 29
9180 29
9185 29
9190 29
9195 29
9200 29
9205 29
9210 29
9215 29
9220 29
9225 29
9230 29
9235 29
9240 29
9245 29
9250 29
9255 29
9260 29
9265 29
9270 29
9275 29
9280 29
9285 29
9290 29
9295 29
9300 29
9305 29
9310 29
9315 29
9320 29
9325 29
9330 29
9335 29
9340 29
9345 29
9350 29
9355 29
9360 29
9365 29
9370 29
9375 29
9380 29
9385 29
9390 29
9395 29
9400 29
9405 29
9410 29
9415 29
9420 29
9425 29
9430 29
9435 29
9440 29
9445 29
9450 29
9455 29
9460 29
9465 29
9470 29
9475 29
9480 29
9485 29
9490 29
9495 29
9500 29
9505 29
9510 30
9515 30
9520 30
9525 30
9530 30
9535 30
9540 30
9545 30
9550 30
9555 30
9560 30
9565 30
9570 30
9575 30
9580 30
9585 30
9590 30
9595 30
9600 30
9605 30
9610 30
9615 30
9620 30
9625 30
9630 30
9635 30
9640 30
9645 30
9650 30
9655 30
9660 30
9665 30
9670 30
9675 30
9680 30
9685 30
9690 30
9695 30
9700 30
9705 30
9710 30
9715 30
9720 30
9725 30
9730 30
9735 30
9740 30
9745 30
9750 30
9755 30
9760 30
9765 30
9770 30
9775 30
9780 30
9785 30
9790 30
9795 30
9800 30
9805 30
9810 30
9815 30
9820 30
9825 30
9830 30
9835 30
9840 30
9845 30
9850 30
9855 30
9860 30
9865 30
9870 30
9875 30
9880 30
9885 30
9890 30
9895 30
9900 30
9905 30
9910 30
9915 30
9920 30
9925 30
9930 30
9935 30
9940 30
9945 30
9950 30
9955 30
9960 30
9965 30
9970 30
9975 30
9980 30
9985 30
9990 30
9995 30
10000 30
10005 30
10010 30
10015 30
10020 30
10025 30
10030 30
10035 30
10040 30
10045 30
10050 30
10055 30
10060 30
10065 30
10070 30
10075 30
10080 30
10085 30
10090 30
10095 30
10100 30
10105 30
10110 30
10115 30
10120 30
10125 30
10130 30
10135 30
10140 30
10145 30
10150 30
10155 30
10160 30
10165 30
10170 30
10175 30
10180 30
10185 30
10190 30
10195 30
10200 30
10205 30
10210 30
10215 30
10220 30
10225 30
10230 30
10235 30
10240 30
10245 30
10250 30
10255 30
10260 30
10265 30
10270 30
10275 30
10280 30
10285 30
10290 30
10295 30
10300 30
10305 30
10310 30
10315 30
10320 30
10325 30
10330 30
10335 30
10340 30
10345 30
10350 30
10355 30
10360 30
10365 30
10370 30
10375 30
10380 30
10385 30
10390 30
10395 30
10400 30
10405 30
10410 30
10415 30
10420 30
10425 30
10430 30
10435 30
10440 30
10445 30
10450 30
10455 30
10460 30
10465 30
10470 30
10475 30
10480 30
10485 30
10490 30
10495 30
10500 30
10505 30
10510 30
10515 30
10520 30
10525 30
10530 30
10535 30
10540 30
10545 30
10550 30
10555 30
10560 30
10565 30
10570 30
10575 30
10580 30
10585 30
10590 30
10595 30
10600 30
10605 30
10610 30
10615 30
10620 30
10625 30
10630 30
10635 30
10640 30
10645 30
10650 30
10655 30
10660 30
10665 30
10670 30
10675 30
10680 30
10685 30
10690 30
10695 30
10700 30
10705 30
10710 30
10715 30
10720 30
10725 30
10730 30
10735 30
10740 30
10745 30
10750 30
10755 30
10760 30
10765 30
10770 30
10775 30
10780 30
10785 30
10790 30
10795 30
10800 30
10805 30
10810 30
10815 30
10820 30
10825 30
10830 30
10835 30
10840 30
10845 30
10850 30
10855 30
10860 30
10865 30
10870 30
10875 30
10880 30
10885 30
10890 30
10895 30
10900 30
10905 30
10910 30
10915 30
10920 30
10925 30
10930 30
10935 30
10940 30
10945 30
10950 30
10955 30
10960 30
10965 30
10970 30
10975 30
10980 30
10985 30
10990 30
10995 30
11000 30
11005 30
11010 30
11015 30
11020 30
11025 30
11030 30
11035 30
11040 30
11045 30
11050 30
11055 30
11060 30
11065 30
11070 30
11075 30
11080 30
11085 30
11090 30
11095 30
11100 30
11105 30
11110 30
11115 30
11120 30
11125 30
11130 30
11135 30
11140 30
11145 30
11150 30
11155 30
11160 30
11165 30
11170 30
11175 30
11180 30
11185 30
11190 30
11195 30
11200 30
11205 30
11210 30
11215 30
11220 30
11225 30
11230 30
11235 30
11240 30
11245 30
11250 30
11255 30
11260 30
11265 30
11270 30
11275 30
11280 30
11285 30
11290 30
11295 30
11300 30
11305 30
11310 30
11315 30
11320 30
11325 30
11330 30
11335 30
11340 30
11345 30
11350 30
11355 30
11360 30
11365 30
11370 30
11375 30
11380 30
11385 30
11390 30
11395 30
11400 30
11405 30
11410 30
11415 30
11420 30
11425 30
11430 30
11435 30
11440 30
11445 30
11450 30
11455 30
11460 30
11465 30
11470 30
11475 30
11480 30
11485 30
11490 30
11495 30
11500 30
11505 30
11510 30
11515 30
11520 30
11525 30
11530 30
11535 30
11540 30
11545 30
11550 30
11555 30
11560 30
11565 30
11570 30
11575 30
11580 30
11585 30
11590 30
11595 30
11600 30
11605 30
11610 30
11615 30
11620 30
11625 30
11630 30
11635 30
11640 30
11645 30
11650 30
11655 30
11660 30
11665 30
11670 30
11675 30
11680 30
11685 30
11690 30
11695 30
11700 30
11705 30
11710 30
11715 30
11720 30
11725 30
11730 30
11735 30
11740 30
11745 30
11750 30
11755 30
11760 30
11765 30
11770 30
11775 30
11780 30
11785 30
11790 30
11795 30
11800 30
11805 30
11810 30
11815 30
11820 30
11825 30
11830 30
11835 30
11840 30
11845 30
11850 30
11855 30
11860 30
11865 30
11870 30
11875 30
11880 30
11885 30
11890 30
11895 30
11900 30
11905 30
11910 30
11915 30
11920 30
11925 30
11930 30
11935 30
11940 30
11945 30
11950 30
11955 30
11960 30
11965 30
11970 30
11975 30
11980 30
11985 30
11990 30
11995 30
12000 30
12005 30
12010 30
12015 30
12020 30
12025 30
12030 30
12035 30
12040 30
12045 30
12050 30
12055 30
12060 30
12065 30
12070 30
12075 30
12080 30
12085 30
12090 30
12095 30
12100 30
12105 30
12110 30
12115 30
12120 30
12125 30
12130 30
12135 30
12140 30
12145 30
12150 30
12155 30
12160 30
12165 30
12170 30
12175 30
12180 30
12185 30
12190 30
12195 30
12200 30
12205 30
12210 30
12215 30
12220 30
12225 30
12230 30
12235 30
12240 30
12245 30
12250 30
12255 30
12260 30
12265 30
12270 30
12275 30
12280 30
12285 30
12290 30
12295 30
12300 30
12305 30
12310 30
12315 30
12320 30
12325 30
12330 30
12335 30
12340 30
12345 30
12350 30
12355 30
12360 30
12365 30
12370 30
12375 30
12380 30
12385 30
12390 30
12395 30
12400 30
12405 30
12410 30
12415 30
12420 30
12425 30
12430 30
12435 30
12440 30
12445 30
12450 30
12455 30
12460 30
12465 30
12470 30
12475 30
12480 30
12485 30
12490 30
12495 30
12500 30
12505 30
12510 30
12515 30
12520 30
12525 30
12530 30
12535 30
12540 30
12545 30
12550 30
12555 30
12560 30
12565 30
12570 30
12575 30
12580 30
12585 30
12590 30
12595 30
12600 30
12605 30
12610 30
12615 30
12620 30
12625 30
12630 30
12635 30
12640 30
12645 30
12650 30
12655 30
12660 30
12665 30
12670 30
12675 30
12680 30
12685 30
12690 30
12695 30
12700 30
12705 30
12710 30
12715 30
12720 30
12725 30
12730 30
12735 30
12740 30
12745 30
12750 30
12755 30
12760 30
12765 30
12770 30
12775 30
12780 30
12785 30
12790 30
12795 30
12800 30
12805 30
12810 30
12815 30
12820 30
12825 30
12830 30
12835 30
12840 30
12845 30
12850 30
12855 30
12860 30
12865 30
12870 30
12875 30
12880 30
12885 30
12890 30
12895 30
12900 30
12905 30
12910 30
12915 30
12920 30
12925 30
12930 30
12935 30
12940 30
12945 30
12950 30
12955 30
12960 30
12965 30
12970 30
12975 30
12980 30
12985 30
12990 30
12995 30
13000 30
13005 30
13010 30
13015 30
13020 30
13025 30
13030 30
13035 30
13040 30
13045 30
13050 30
13055 30
13060 30
13065 30
13070 30
13075 30
13080 30
13085 30
13090 30
13095 30
13100 30
13105 30
13110 30
13115 30
13120 30
13125 30
13130 30
13135 30
13140 30
13145 30
13150 30
13155 30
13160 30
13165 30
13170 30
13175 30
13180 30
13185 30
13190 30
13195 30
13200 30
13205 30
13210 30
13215 30
13220 30
13225 30
13230 30
13235 30
13240 30
13245 30
13250 30
13255 30
13260 30
13265 30
13270 30
13275 30
13280 30
13285 30
13290 30
13295 30
13300 30
13305 30
13310 30
13315 30
13320 30
13325 30
13330 30
13335 30
13340 30
13345 30
13350 30
13355 30
13360 30
13365 30
13370 30
13375 30
13380 30
13385 30
13390 30
13395 30
13400 30
13405 30
13410 30
13415 30
13420 30
13425 30
13430 30
13435 30
13440 30
13445 30
13450 30
13455 30
13460 30
13465 30
13470 30
13475 30
13480 30
13485 30
13490 30
13495 30
13500 30
13505 30
13510 30
13515 30
13520 30
13525 30
13530 30
13535 30
13540 30
13545 30
13550 30
13555 30
13560 30
13565 30
13570 30
13575 30
13580 30
13585 30
13590 30
13595 30
13600 30
13605 30
13610 30
13615 30
13620 30
13625 30
13630 30
13635 30
13640 30
13645 30
13650 30
13655 30
13660 30
13665 30
13670 30
13675 30
13680 30
13685 30
13690 30
13695 30
13700 30
13705 30
13710 30
13715 30
13720 30
13725 30
13730 30
13735 30
13740 30
13745 30
13750 30
13755 30
13760 30
13765 30
13770 30
13775 30
13780 30
13785 30
13790 30
13795 30
13800 30
13805 30
13810 30
13815 30
13820 30
13825 30
13830 30
13835 30
13840 30
13845 30
13850 30
13855 30
13860 30
13865 30
13870 30
13875 30
13880 30
13885 30
13890 30
13895 30
13900 30
13905 30
13910 30
13915 30
13920 30
13925 30
13930 30
13935 30
13940 30
13945 30
13950 30
13955 30
13960 30
13965 30
13970 30
13975 30
13980 30
13985 30
13990 30
13995 30
14000 30
14005 30
14010 30
14015 30
14020 30
14025 30
14030 30
14035 30
14040 30
14045 30
14050 30
14055 30
14060 30
14065 30
14070 30
14075 30
14080 30
14085 30
14090 30
14095 30
14100 30
14105 30
14110 30
14115 30
14120 30
14125 30
14130 30
14135 30
14140 30
14145 30
14150 30
14155 30
14160 30
14165 30
14170 30
14175 30
14180 30
14185 30
14190 30
14195 30
14200 30
14205 30
14210 30
14215 30
14220 30
14225 30
14230 30
14235 30
14240 30
14245 30
14250 30
14255 30
14260 30
14265 30
14270 30
14275 30
14280 30
14285 30
14290 30
14295 30
14300 30
14305 30
14310 30
14315 30
14320 30
14325 30
14330 30
14335 30
14340 30
14345 30
14350 30
14355 30
14360 30
14365 30
14370 30
14375 30
14380 30
14385 30
14390 30
14395 30
14400 30
14405 30
14410 30
14415 30
14420 30
14425 30
14430 30
14435 30
14440 30
14445 30
14450 30
14455 30
14460 30
14465 30
14470 30
14475 30
14480 30
14485 30
14490 30
14495 30
14500 30
14505 30
14510 30
14515 30
14520 30
14525 30
14530 30
14535 30
14540 30
14545 30
14550 30
14555 30
14560 30
14565 30
14570 30
14575 30
14580 30
14585 30
14590 30
14595 30
14600 30
14605 30
14610 30
14615 30
14620 30
14625 30
14630 30
14635 30
14640 30
14645 30
14650 30
14655 30
14660 30
14665 30
14670 30
14675 30
14680 30
14685 30
14690 30
14695 30
14700 30
14705 30
14710 30
14715 30
14720 30
14725 30
14730 30
14735 30
14740 30
14745 30
14750 30
14755 30
14760 30
14765 30
14770 30
14775 30
14780 30
14785 30
14790 30
14795 30
14800 30
14805 30
14810 30
14815 30
14820 30
14825 30
14830 30
14835 30
14840 30
14845 30
14850 30
14855 30
14860 30
14865 30
14870 30
14875 30
14880 30
14885 30
14890 30
14895 30
14900 30
14905 30
14910 30
14915 30
14920 30
14925 30
14930 30
14935 30
14940 30
14945 30
14950 30
14955 30
14960 30
14965 30
14970 30
14975 30
14980 30
14985 30
14990 30
14995 30
15000 30
15005 30
15010 30
15015 30
15020 30
15025 30
15030 30
15035 30
15040 30
15045 30
15050 30
15055 30
15060 30
15065 30
15070 30
15075 30
15080 30
15085 30
15090 30
15095 30
15100 30
15105 30
15110 30
15115 30
15120 30
15125 30
15130 30
15135 30
15140 30
15145 30
15150 30
15155 30
15160 30
15165 30
15170 30
15175 30
15180 30
15185 30
15190 30
15195 30
15200 30
15205 30
15210 30
15215 30
15220 30
15225 30
15230 30
15235 30
15240 30
15245 30
15250 30
15255 30
15260 30
15265 30
15270 30
15275 30
15280 30
15285 30
15290 30
15295 30
15300 30
15305 30
15310 30
15315 30
15320 30
15325 30
15330 30
15335 30
15340 30
15345 30
15350 30
15355 30
15360 30
15365 30
15370 30
15375 30
15380 30
15385 30
15390 30
15395 30
15400 30
15405 30
15410 30
15415 30
15420 30
15425 30
15430 30
15435 30
15440 30
15445 30
15450 30
15455 30
15460 30
15465 30
15470 30
15475 30
15480 30
15485 30
15490 30
15495 30
15500 30
15505 30
15510 30
15515 30
15520 30
15525 30
15530 30
15535 30
15540 30
15545 30
15550 30
15555 30
15560 30
15565 30
15570 30
15575 30
15580 30
15585 30
15590 30
15595 30
15600 30
15605 30
15610 30
15615 30
15620 30
15625 30
15630 30
15635 30
15640 30
15645 30
15650 30
15655 30
15660 30
15665 30
15670 30
15675 30
15680 30
15685 30
15690 30
15695 30
15700 30
15705 30
15710 30
15715 30
15720 30
15725 30
15730 30
15735 30
15740 30
15745 30
15750 30
15755 30
15760 30
15765 30
15770 30
15775 30
15780 30
15785 30
15790 30
15795 30
15800 30
15805 30
15810 30
15815 30
15820 30
15825 30
15830 30
15835 30
15840 30
15845 30
15850 30
15855 30
15860 30
15865 30
15870 30
15875 30
15880 30
15885 30
15890 30
15895 30
15900 30
15905 30
15910 30
15915 30
15920 30
15925 30
15930 30
15935 30
15940 30
15945 30
15950 30
15955 30
15960 30
15965 30
15970 30
15975 30
15980 30
15985 30
15990 30
15995 30
16000 30
16005 30
16010 30
16015 30
16020 30
16025 30
16030 30
16035 30
16040 30
16045 30
16050 30
16055 30
16060 30
16065 30
16070 30
16075 30
16080 30
16085 30
16090 30
16095 30
16100 30
16105 30
16110 30
16115 30
16120 30
16125 30
16130 30
16135 30
16140 30
16145 30
16150 30
16155 30
16160 30
16165 30
16170 30
16175 30
16180 30
16185 30
16190 30
16195 30
16200 30
16205 30
16210 30
16215 30
16220 30
16225 30
16230 30
16235 30
16240 30
16245 30
16250 30
16255 30
16260 30
16265 30
16270 30
16275 30
16280 30
16285 30
16290 30
16295 30
16300 30
16305 30
16310 30
16315 30
16320 30
16325 30
16330 30
16335 30
16340 30
16345 30
16350 30
16355 30
16360 30
16365 30
16370 30
16375 30
16380 30
16385 30
16390 30
16395 30
16400 30
16405 30
16410 30
16415 30
16420 30
16425 30
16430 30
16435 30
16440 30
16445 30
16450 30
16455 30
16460 30
16465 30
16470 30
16475 30
16480 30
16485 30
16490 30
16495 30
16500 30
16505 30
16510 30
16515 30
16520 30
16525 30
16530 30
16535 30
16540 30
16545 30
16550 30
16555 30
16560 30
16565 30
16570 30
16575 30
16580 30
16585 30
16590 30
16595 30
16600 30
16605 30
16610 30
16615 30
16620 30
16625 30
16630 30
16635 30
16640 30
16645 30
16650 30
16655 30
16660 30
16665 30
16670 30
16675 30
16680 30
16685 30
16690 30
16695 30
16700 30
16705 30
16710 30
16715 30
16720 30
16725 30
16730 30
16735 30
16740 30
16745 30
16750 30
16755 30
16760 30
16765 30
16770 30
16775 30
16780 30
16785 30
16790 30
16795 30
16800 30
16805 30
16810 30
16815 30
16820 30
16825 30
16830 30
16835 30
16840 30
16845 30
16850 30
16855 30
16860 30
16865 30
16870 30
16875 30
16880 30
16885 30
16890 30
16895 30
16900 30
16905 30
16910 30
16915 30
16920 30
16925 30
16930 30
16935 30
16940 30
16945 30
16950 30
16955 30
16960 30
16965 30
16970 30
16975 30
16980 30
16985 30
16990 30
16995 30
17000 30
17005 30
17010 30
17015 30
17020 30
17025 30
17030 30
17035 30
17040 30
17045 30
17050 30
17055 30
17060 30
17065 30
17070 30
17075 30
17080 30
17085 30
17090 30
17095 30
17100 30
17105 30
17110 30
17115 30
17120 30
17125 30
17130 30
17135 30
17140 30
17145 30
17150 30
17155 30
17160 30
17165 30
17170 30
17175 30
17180 30
17185 30
17190 30
17195 30
17200 30
17205 30
17210 30
17215 30
17220 30
17225 30
17230 30
17235 30
17240 30
17245 30
17250 30
17255 30
17260 30
17265 30
17270 30
17275 30
17280 30
17285 30
17290 30
17295 30
17300 30
17305 30
17310 30
17315 30
17320 30
17325 30
17330 30
17335 30
17340 30
17345 30
17350 30
17355 30
17360 30
17365 30
17370 30
17375 30
17380 30
17385 30
17390 30
17395 30
17400 30
17405 30
17410 30
17415 30
17420 30
17425 30
17430 30
17435 30
17440 30
17445 30
17450 30
17455 30
17460 30
17465 30
17470 30
17475 30
17480 30
17485 30
17490 30
17495 30
17500 30
17505 30
17510 30
17515 30
17520 30
17525 30
17530 30
17535 30
17540 30
17545 30
17550 30
17555 30
17560 30
17565 30
17570 30
17575 30
17580 30
17585 30
17590 30
17595 30
17600 30
17605 30
17610 30
17615 30
17620 30
17625 30
17630 30
17635 30
17640 30
17645 30
17650 30
17655 30
17660 30
17665 30
17670 30
17675 30
17680 30
17685 30
17690 30
17695 30
17700 30
17705 30
17710 30
17715 30
17720 30
17725 30
17730 30
17735 30
17740 30
17745 30
17750 30
17755 30
17760 30
17765 30
17770 30
17775 30
17780 30
17785 30
17790 30
17795 30
17800 30
17805 30
17810 30
17815 30
17820 30
17825 30
17830 30
17835 30
17840 30
17845 30
17850 30
17855 30
17860 30
17865 30
17870 30
17875 30
17880 30
17885 30
17890 30
17895 30
17900 30
17905 30
17910 30
17915 30
17920 30
17925 30
17930 30
17935 30
17940 30
17945 30
17950 30
17955 30
17960 30
17965 30
17970 30
17975 30
17980 30
17985 30
17990 30
17995 30
18000 30
18005 30
18010 30
18015 30
18020 30
18025 30
18030 30
18035 30
18040 30
18045 30
18050 30
18055 30
18060 30
18065 30
18070 30
18075 30
18080 30
18085 30
18090 30
18095 30
18100 30
18105 30
18110 30
18115 30
18120 30
18125 30
18130 30
18135 30
18140 30
18145 30
18150 30
18155 30
18160 30
18165 30
18170 30
18175 30
18180 30
18185 30
18190 30
18195 30
18200 30
18205 30
18210 30
18215 30
18220 30
18225 30
18230 30
18235 30
18240 30
18245 30
18250 30
18255 30
18260 30
18265 30
18270 30
18275 30
18280 30
18285 30
18290 30
18295 30
18300 30
18305 30
18310 30
18315 30
18320 30
18325 30
18330 30
18335 30
18340 30
18345 30
18350 30
18355 30
18360 30
18365 30
18370 30
18375 30
18380 30
18385 30
18390 30
18395 30
18400 30
18405 30
18410 30
18415 30
18420 30
18425 30
18430 30
18435 30
18440 30
18445 30
18450 30
18455 30
18460 30
18465 30
18470 30
18475 30
18480 30
18485 30
18490 30
18495 30
18500 30
18505 30
18510 30
18515 30
18520 30
18525 30
18530 30
18535 30
18540 30
18545 30
18550 30
18555 30
18560 30
18565 30
18570 30
18575 30
18580 30
18585 30
18590 30
18595 30
18600 30
18605 30
18610 30
18615 30
18620 30
18625 30
18630 30
18635 30
18640 30
18645 30
18650 30
18655 30
18660 30
18665 30
18670 30
18675 30
18680 30
18685 30
18690 30
18695 30
18700 30
18705 30
18710 30
18715 30
18720 30
18725 30
18730 30
18735 30
18740 30
18745 30
18750 30
18755 30
18760 30
18765 30
18770 30
18775 30
18780 30
18785 30
18790 30
18795 30
18800 30
18805 30
18810 30
18815 30
18820 30
18825 30
18830 30
18835 30
18840 30
18845 30
18850 30
18855 30
18860 30
18865 30
18870 30
18875 30
18880 30
18885 30
18890 30
18895 30
18900 30
18905 30
18910 30
18915 30
18920 30
18925 30
18930 30
18935 30
18940 30
18945 30
18950 30
18955 30
18960 30
18965 30
18970 30
18975 30
18980 30
18985 30
18990 30
18995 30
19000 30
19005 30
19010 30
19015 30
19020 30
19025 30
19030 30
19035 30
19040 30
19045 30
19050 30
19055 30
19060 30
19065 30
19070 30
19075 30
19080 30
19085 30
19090 30
19095 30
19100 30
19105 30
19110 30
19115 30
19120 30
19125 30
19130 30
19135 30
19140 30
19145 30
19150 30
19155 30
19160 30
19165 30
19170 30
19175 30
19180 30
19185 30
19190 30
19195 30
19200 30
19205 30
19210 30
19215 30
19220 30
19225 30
19230 30
19235 30
19240 30
19245 30
19250 30
19255 30
19260 30
19265 30
19270 30
19275 30
19280 30
19285 30
19290 30
19295 30
19300 30
19305 30
19310 30
19315 30
19320 30
19325 30
19330 30
19335 30
19340 30
19345 30
19350 30
19355 30
19360 30
19365 30
19370 30
19375 30
19380 30
19385 30
19390 30
19395 30
19400 30
19405 30
19410 30
19415 30
19420 30
19425 30
19430 30
19435 30
19440 30
19445 30
19450 30
19455 30
19460 30
19465 30
19470 30
19475 30
19480 30
19485 30
19490 30
19495 30
19500 30
19505 30
19510 30
19515 30
19520 30
19525 30
19530 30
19535 30
19540 30
19545 30
19550 30
19555 30
19560 30
19565 30
19570 30
19575 30
19580 30
19585 30
19590 30
19595 30
19600 30
19605 30
19610 30
19615 30
19620 30
19625 30
19630 30
19635 30
19640 30
19645 30
19650 30
19655 30
19660 30
19665 30
19670 30
19675 30
19680 30
19685 30
19690 30
19695 30
19700 30
19705 30
19710 30
19715 30
19720 30
19725 30
19730 30
19735 30
19740 30
19745 30
19750 30
19755 30
19760 30
19765 30
19770 30
19775 30
19780 30
19785 30
19790 30
19795 30
19800 30
19805 30
19810 30
19815 30
19820 30
19825 30
19830 30
19835 30
19840 30
19845 30
19850 30
19855 30
19860 30
19865 30
19870 30
19875 30
19880 30
19885 30
19890 30
19895 30
19900 30
19905 30
19910 30
19915 30
19920 30
19925 30
19930 30
19935 30
19940 30
19945 30
19950 30
19955 30
19960 30
19965 30
19970 30
19975 30
19980 30
19985 30
19990 30
19995 30
20000 30
