0 0
5 4
10 7
15 9
20 9
25 9
30 10
35 10
40 10
45 12
50 15
55 15
60 15
65 15
70 15
75 15
80 15
85 15
90 15
95 15
100 17
105 17
110 17
115 17
120 17
125 17
130 17
135 18
140 19
145 19
150 19
155 19
160 19
165 19
170 19
175 19
180 19
185 19
190 19
195 19
200 19
205 19
210 19
215 19
220 19
225 19
230 19
235 19
240 19
245 19
250 19
255 19
260 19
265 19
270 19
275 19
280 19
285 19
290 19
295 19
300 19
305 19
310 19
315 19
320 19
325 19
330 19
335 20
340 20
345 20
350 22
355 22
360 22
365 22
370 22
375 22
380 22
385 22
390 23
395 23
400 23
405 23
410 23
415 23
420 23
425 23
430 23
435 24
440 24
445 24
450 24
455 24
460 24
465 24
470 24
475 24
480 24
485 24
490 24
495 24
500 24
505 24
510 24
515 24
520 24
525 24
530 24
535 24
540 24
545 24
550 24
555 24
560 24
565 24
570 24
575 24
580 24
585 24
590 24
595 24
600 24
605 24
610 24
615 24
620 24
625 24
630 24
635 24
640 24
645 24
650 24
655 24
660 24
665 24
670 24
675 24
680 24
685 24
690 24
695 24
700 24
705 24
710 24
715 24
720 24
725 24
730 24
735 24
740 24
745 24
750 24
755 24
760 24
765 24
770 24
775 24
780 24
785 24
790 24
795 24
800 24
805 24
810 24
815 24
820 24
825 24
830 24
835 24
840 24
845 24
850 24
855 24
860 24
865 24
870 24
875 24
880 24
885 24
890 24
895 24
900 24
905 24
910 25
915 25
920 25
925 25
930 25
935 25
940 25
945 25
950 25
955 25
960 25
965 25
970 25
975 26
980 26
985 26
990 26
995 26
1000 26
1005 26
1010 26
1015 26
1020 26
1025 26
1030 26
1035 26
1040 26
1045 26
1050 26
1055 26
1060 26
1065 26
1070 26
1075 26
1080 26
1085 26
1090 26
1095 26
1100 26
1105 26
1110 26
1115 26
1120 26
1125 26
1130 26
1135 26
1140 26
1145 26
1150 26
1155 26
1160 26
1165 26
1170 26
1175 26
1180 26
1185 26
1190 26
1195 26
1200 26
1205 26
1210 26
1215 26
1220 26
1225 26
1230 26
1235 26
1240 26
1245 26
1250 26
1255 26
1260 26
1265 26
1270 26
1275 26
1280 26
1285 26
1290 26
1295 26
1300 26
1305 26
1310 26
1315 26
1320 26
1325 26
1330 26
1335 26
1340 26
1345 26
1350 26
1355 26
1360 26
1365 26
1370 26
1375 26
1380 26
1385 26
1390 26
1395 26
1400 26
1405 26
1410 26
1415 26
1420 26
1425 26
1430 26
1435 26
1440 26
1445 26
1450 26
1455 26
1460 26
1465 26
1470 26
1475 26
1480 26
1485 26
1490 26
1495 26
1500 26
1505 26
1510 26
1515 26
1520 26
1525 26
1530 26
1535 26
1540 26
1545 26
1550 26
1555 26
1560 26
1565 26
1570 26
1575 26
1580 26
1585 26
1590 26
1595 26
1600 26
1605 26
1610 26
1615 26
1620 26
1625 26
1630 26
1635 26
1640 26
1645 26
1650 27
1655 27
1660 27
1665 27
1670 27
1675 27
1680 27
1685 27
1690 27
1695 27
1700 27
1705 30
1710 30
1715 30
1720 30
1725 30
1730 30
1735 30
1740 30
1745 30
1750 30
1755 30
1760 30
1765 30
1770 30
1775 30
1780 30
1785 30
1790 30
1795 30
1800 30
1805 30
1810 30
1815 30
1820 30
1825 30
1830 30
1835 30
1840 30
1845 30
1850 30
1855 30
1860 30
1865 30
1870 30
1875 30
1880 30
1885 30
1890 30
1895 30
1900 30
1905 30
1910 30
1915 30
1920 30
1925 30
1930 30
1935 30
1940 30
1945 30
1950 30
1955 30
1960 30
1965 30
1970 30
1975 30
1980 30
1985 30
1990 30
1995 30
2000 30
2005 30
2010 30
2015 30
2020 30
2025 30
2030 30
2035 30
2040 30
2045 30
2050 30
2055 30
2060 30
2065 30
2070 30
2075 30
2080 30
2085 30
2090 30
2095 30
2100 30
2105 30
2110 30
2115 30
2120 30
2125 30
2130 30
2135 30
2140 30
2145 30
2150 30
2155 30
2160 30
2165 30
2170 30
2175 30
2180 30
2185 30
2190 30
2195 30
2200 30
2205 30
2210 30
2215 30
2220 30
2225 30
2230 30
2235 30
2240 30
2245 30
2250 30
2255 30
2260 30
2265 30
2270 30
2275 30
2280 30
2285 30
2290 30
2295 30
2300 30
2305 30
2310 30
2315 30
2320 30
2325 30
2330 30
2335 30
2340 30
2345 30
2350 30
2355 30
2360 30
2365 30
2370 30
2375 30
2380 30
2385 30
2390 30
2395 30
2400 30
2405 30
2410 30
2415 30
2420 30
2425 30
2430 30
2435 30
2440 30
2445 30
2450 30
2455 30
2460 30
2465 30
2470 30
2475 30
2480 30
2485 30
2490 30
2495 30
2500 30
2505 30
2510 30
2515 30
2520 30
2525 30
2530 30
2535 30
2540 30
2545 30
2550 30
2555 30
2560 30
2565 30
2570 30
2575 30
2580 30
2585 30
2590 30
2595 30
2600 30
2605 30
2610 30
2615 30
2620 30
2625 30
2630 30
2635 30
2640 30
2645 30
2650 30
2655 30
2660 30
2665 30
2670 30
2675 30
2680 30
2685 30
2690 30
2695 30
2700 30
2705 30
2710 30
2715 30
2720 30
2725 30
2730 30
2735 30
2740 30
2745 30
2750 30
2755 30
2760 30
2765 30
2770 30
2775 30
2780 30
2785 30
2790 30
2795 30
2800 30
2805 30
2810 30
2815 30
2820 30
2825 30
2830 30
2835 30
2840 30
2845 30
2850 30
2855 30
2860 30
2865 30
2870 30
2875 30
2880 30
2885 30
2890 30
2895 30
2900 30
2905 30
2910 30
2915 30
2920 30
2925 30
2930 30
2935 30
2940 30
2945 30
2950 30
2955 30
2960 30
2965 30
2970 30
2975 30
2980 30
2985 30
2990 30
2995 30
3000 30
3005 30
3010 30
3015 30
3020 30
3025 30
3030 30
3035 30
3040 30
3045 30
3050 30
3055 30
3060 30
3065 30
3070 30
3075 30
3080 30
3085 30
3090 30
3095 30
3100 30
3105 30
3110 30
3115 30
3120 30
3125 30
3130 30
3135 30
3140 30
3145 30
3150 30
3155 30
3160 30
3165 30
3170 30
3175 30
3180 30
3185 30
3190 30
3195 30
3200 30
3205 30
3210 30
3215 30
3220 30
3225 30
3230 30
3235 30
3240 30
3245 30
3250 30
3255 30
3260 30
3265 30
3270 30
3275 30
3280 30
3285 30
3290 30
3295 30
3300 30
3305 30
3310 30
3315 30
3320 30
3325 30
3330 30
3335 30
3340 30
3345 30
3350 30
3355 30
3360 30
3365 30
3370 30
3375 30
3380 30
3385 30
3390 30
3395 30
3400 30
3405 30
3410 30
3415 30
3420 30
3425 30
3430 30
3435 30
3440 30
3445 30
3450 30
3455 30
3460 30
3465 30
3470 30
3475 30
3480 30
3485 30
3490 30
3495 30
3500 30
3505 30
3510 30
3515 30
3520 30
3525 30
3530 30
3535 30
3540 30
3545 30
3550 30
3555 30
3560 30
3565 30
3570 30
3575 30
3580 30
3585 30
3590 30
3595 30
3600 30
3605 30
3610 30
3615 30
3620 30
3625 30
3630 30
3635 30
3640 30
3645 30
3650 30
3655 30
3660 30
3665 30
3670 30
3675 30
3680 30
3685 30
3690 30
3695 30
3700 30
3705 30
3710 30
3715 30
3720 30
3725 30
3730 30
3735 30
3740 30
3745 30
3750 30
3755 30
3760 30
3765 30
3770 30
3775 30
3780 30
3785 30
3790 30
3795 30
3800 30
3805 30
3810 30
3815 30
3820 30
3825 30
3830 30
3835 30
3840 30
3845 30
3850 30
3855 30
3860 30
3865 30
3870 30
3875 30
3880 30
3885 30
3890 30
3895 30
3900 30
3905 30
3910 30
3915 30
3920 30
3925 30
3930 30
3935 30
3940 30
3945 30
3950 30
3955 30
3960 30
3965 30
3970 30
3975 30
3980 30
3985 30
3990 30
3995 30
4000 30
4005 30
4010 30
4015 30
4020 30
4025 30
4030 30
4035 30
4040 30
4045 30
4050 30
4055 30
4060 30
4065 30
4070 30
4075 30
4080 30
4085 30
4090 30
4095 30
4100 30
4105 30
4110 30
4115 30
4120 30
4125 30
4130 30
4135 30
4140 30
4145 30
4150 30
4155 30
4160 30
4165 30
4170 30
4175 30
4180 30
4185 30
4190 30
4195 30
4200 30
4205 30
4210 30
4215 30
4220 30
4225 30
4230 30
4235 30
4240 30
4245 30
4250 30
4255 30
4260 30
4265 30
4270 30
4275 30
4280 30
4285 30
4290 30
4295 30
4300 30
4305 30
4310 30
4315 30
4320 30
4325 30
4330 30
4335 30
4340 30
4345 30
4350 30
4355 30
4360 30
4365 30
4370 30
4375 30
4380 30
4385 30
4390 30
4395 30
4400 30
4405 30
4410 30
4415 30
4420 30
4425 30
4430 30
4435 30
4440 30
4445 30
4450 30
4455 30
4460 30
4465 30
4470 30
4475 30
4480 30
4485 30
4490 30
4495 30
4500 30
4505 30
4510 30
4515 30
4520 30
4525 30
4530 30
4535 30
4540 30
4545 30
4550 30
4555 30
4560 30
4565 30
4570 30
4575 30
4580 30
4585 30
4590 30
4595 30
4600 30
4605 30
4610 30
4615 30
4620 30
4625 30
4630 30
4635 30
4640 30
4645 30
4650 30
4655 30
4660 30
4665 30
4670 30
4675 30
4680 30
4685 30
4690 30
4695 30
4700 30
4705 30
4710 30
4715 30
4720 30
4725 30
4730 30
4735 30
4740 30
4745 30
4750 30
4755 30
4760 30
4765 30
4770 30
4775 30
4780 30
4785 30
4790 30
4795 30
4800 30
4805 30
4810 30
4815 30
4820 30
4825 30
4830 30
4835 30
4840 30
4845 30
4850 30
4855 30
4860 30
4865 30
4870 30
4875 30
4880 30
4885 30
4890 30
4895 30
4900 30
4905 30
4910 30
4915 30
4920 30
4925 30
4930 30
4935 30
4940 30
4945 30
4950 30
4955 30
4960 30
4965 30
4970 30
4975 30
4980 30
4985 30
4990 30
4995 30
5000 30
5005 30
5010 30
5015 30
5020 30
5025 30
5030 30
5035 30
5040 30
5045 30
5050 30
5055 30
5060 30
5065 30
5070 30
5075 30
5080 30
5085 30
5090 30
5095 30
5100 30
5105 30
5110 30
5115 30
5120 30
5125 30
5130 30
5135 30
5140 30
5145 30
5150 30
5155 30
5160 30
5165 30
5170 30
5175 30
5180 30
5185 30
5190 30
5195 30
5200 30
5205 30
5210 30
5215 30
5220 30
5225 30
5230 30
5235 30
5240 30
5245 30
5250 30
5255 30
5260 30
5265 30
5270 30
5275 30
5280 30
5285 30
5290 30
5295 30
5300 30
5305 30
5310 30
5315 30
5320 30
5325 30
5330 30
5335 30
5340 30
5345 30
5350 30
5355 30
5360 30
5365 30
5370 30
5375 30
5380 30
5385 30
5390 30
5395 30
5400 30
5405 30
5410 30
5415 30
5420 30
5425 30
5430 30
5435 30
5440 30
5445 30
5450 30
5455 30
5460 30
5465 30
5470 30
5475 30
5480 30
5485 30
5490 30
5495 30
5500 30
5505 30
5510 30
5515 30
5520 30
5525 30
5530 30
5535 30
5540 30
5545 30
5550 30
5555 30
5560 30
5565 30
5570 30
5575 30
5580 30
5585 30
5590 30
5595 30
5600 30
5605 30
5610 30
5615 30
5620 30
5625 30
5630 30
5635 30
5640 30
5645 30
5650 30
5655 30
5660 30
5665 30
5670 30
5675 30
5680 30
5685 30
5690 30
5695 30
5700 30
5705 30
5710 30
5715 30
5720 30
5725 30
5730 30
5735 30
5740 30
5745 30
5750 30
5755 30
5760 30
5765 30
5770 30
5775 30
5780 30
5785 30
5790 30
5795 30
5800 30
5805 30
5810 30
5815 30
5820 30
5825 30
5830 30
5835 30
5840 30
5845 30
5850 30
5855 30
5860 30
5865 30
5870 30
5875 30
5880 30
5885 30
5890 30
5895 30
5900 30
5905 30
5910 30
5915 30
5920 30
5925 30
5930 30
5935 30
5940 30
5945 30
5950 30
5955 30
5960 30
5965 30
5970 30
5975 30
5980 30
5985 30
5990 30
5995 30
6000 30
6005 30
6010 30
6015 30
6020 30
6025 30
6030 30
6035 30
6040 30
6045 30
6050 30
6055 30
6060 30
6065 30
6070 30
6075 30
6080 30
6085 30
6090 30
6095 30
6100 30
6105 30
6110 30
6115 30
6120 30
6125 30
6130 30
6135 30
6140 30
6145 30
6150 30
6155 30
6160 30
6165 30
6170 30
6175 30
6180 30
6185 30
6190 30
6195 30
6200 30
6205 30
6210 30
6215 30
6220 30
6225 30
6230 30
6235 30
6240 30
6245 30
6250 30
6255 30
6260 30
6265 30
6270 30
6275 30
6280 30
6285 30
6290 30
6295 30
6300 30
6305 30
6310 30
6315 30
6320 30
6325 30
6330 30
6335 30
6340 30
6345 30
6350 30
6355 30
6360 30
6365 30
6370 30
6375 30
6380 30
6385 30
6390 30
6395 30
6400 30
6405 30
6410 30
6415 30
6420 30
6425 30
6430 30
6435 30
6440 30
6445 30
6450 30
6455 30
6460 30
6465 30
6470 30
6475 30
6480 30
6485 30
6490 30
6495 30
6500 30
6505 30
6510 30
6515 30
6520 30
6525 30
6530 30
6535 30
6540 30
6545 30
6550 30
6555 30
6560 30
6565 30
6570 30
6575 30
6580 30
6585 30
6590 30
6595 30
6600 30
6605 30
6610 30
6615 30
6620 30
6625 30
6630 30
6635 30
6640 30
6645 30
6650 30
6655 30
6660 30
6665 30
6670 30
6675 30
6680 30
6685 30
6690 30
6695 30
6700 30
6705 30
6710 30
6715 30
6720 30
6725 30
6730 30
6735 30
6740 30
6745 30
6750 30
6755 30
6760 30
6765 30
6770 30
6775 30
6780 30
6785 30
6790 30
6795 30
6800 30
6805 30
6810 30
6815 30
6820 30
6825 30
6830 30
6835 30
6840 30
6845 30
6850 30
6855 30
6860 30
6865 30
6870 30
6875 30
6880 30
6885 30
6890 30
6895 30
6900 30
6905 30
6910 30
6915 30
6920 30
6925 30
6930 30
6935 30
6940 30
6945 30
6950 30
6955 30
6960 30
6965 30
6970 30
6975 30
6980 30
6985 30
6990 30
6995 30
7000 30
7005 30
7010 30
7015 30
7020 30
7025 30
7030 30
7035 30
7040 30
7045 30
7050 30
7055 30
7060 30
7065 30
7070 30
7075 30
7080 30
7085 30
7090 30
7095 30
7100 30
7105 30
7110 30
7115 30
7120 30
7125 30
7130 30
7135 30
7140 30
7145 30
7150 30
7155 30
7160 30
7165 30
7170 30
7175 30
7180 30
7185 30
7190 30
7195 30
7200 30
7205 30
7210 30
7215 30
7220 30
7225 30
7230 30
7235 30
7240 30
7245 30
7250 30
7255 30
7260 30
7265 30
7270 30
7275 30
7280 30
7285 30
7290 30
7295 30
7300 30
7305 30
7310 30
7315 30
7320 30
7325 30
7330 30
7335 30
7340 30
7345 30
7350 30
7355 30
7360 30
7365 30
7370 30
7375 30
7380 30
7385 30
7390 30
7395 30
7400 30
7405 30
7410 30
7415 30
7420 30
7425 30
7430 30
7435 30
7440 30
7445 30
7450 30
7455 30
7460 30
7465 30
7470 30
7475 30
7480 30
7485 30
7490 30
7495 30
7500 30
7505 30
7510 30
7515 30
7520 30
7525 30
7530 30
7535 30
7540 30
7545 30
7550 30
7555 30
7560 30
7565 30
7570 30
7575 30
7580 30
7585 30
7590 30
7595 30
7600 30
7605 30
7610 30
7615 30
7620 30
7625 30
7630 30
7635 30
7640 30
7645 30
7650 30
7655 30
7660 30
7665 30
7670 30
7675 30
7680 30
7685 30
7690 30
7695 30
7700 30
7705 30
7710 30
7715 30
7720 30
7725 30
7730 30
7735 30
7740 30
7745 30
7750 30
7755 30
7760 30
7765 30
7770 30
7775 30
7780 30
7785 30
7790 30
7795 30
7800 30
7805 30
7810 30
7815 30
7820 30
7825 30
7830 30
7835 30
7840 30
7845 30
7850 30
7855 30
7860 30
7865 30
7870 30
7875 30
7880 30
7885 30
7890 30
7895 30
7900 30
7905 30
7910 30
7915 30
7920 30
7925 30
7930 30
7935 30
7940 30
7945 30
7950 30
7955 30
7960 30
7965 30
7970 30
7975 30
7980 30
7985 30
7990 30
7995 30
8000 30
8005 30
8010 30
8015 30
8020 30
8025 30
8030 30
8035 30
8040 30
8045 30
8050 30
8055 30
8060 30
8065 30
8070 30
8075 30
8080 30
8085 30
8090 30
8095 30
8100 30
8105 30
8110 30
8115 30
8120 30
8125 30
8130 30
8135 30
8140 30
8145 30
8150 30
8155 30
8160 30
8165 30
8170 30
8175 30
8180 30
8185 30
8190 30
8195 30
8200 30
8205 30
8210 30
8215 30
8220 30
8225 30
8230 30
8235 30
8240 30
8245 30
8250 30
8255 30
8260 30
8265 30
8270 30
8275 30
8280 30
8285 30
8290 30
8295 30
8300 30
8305 30
8310 30
8315 30
8320 30
8325 30
8330 30
8335 30
8340 30
8345 30
8350 30
8355 30
8360 30
8365 30
8370 30
8375 30
8380 30
8385 30
8390 30
8395 30
8400 30
8405 30
8410 30
8415 30
8420 30
8425 30
8430 30
8435 30
8440 30
8445 30
8450 30
8455 30
8460 30
8465 30
8470 30
8475 30
8480 30
8485 30
8490 30
8495 30
8500 30
8505 30
8510 30
8515 30
8520 30
8525 30
8530 30
8535 30
8540 30
8545 30
8550 30
8555 30
8560 30
8565 30
8570 30
8575 30
8580 30
8585 30
8590 30
8595 30
8600 30
8605 30
8610 30
8615 30
8620 30
8625 30
8630 30
8635 30
8640 30
8645 30
8650 30
8655 30
8660 30
8665 30
8670 30
8675 30
8680 30
8685 30
8690 30
8695 30
8700 30
8705 30
8710 30
8715 30
8720 30
8725 30
8730 30
8735 30
8740 30
8745 30
8750 30
8755 30
8760 30
8765 30
8770 30
8775 30
8780 30
8785 30
8790 30
8795 30
8800 30
8805 30
8810 30
8815 30
8820 30
8825 30
8830 30
8835 30
8840 30
8845 30
8850 30
8855 30
8860 30
8865 30
8870 30
8875 30
8880 30
8885 30
8890 30
8895 30
8900 30
8905 30
8910 30
8915 30
8920 30
8925 30
8930 30
8935 30
8940 30
8945 30
8950 30
8955 30
8960 30
8965 30
8970 30
8975 30
8980 30
8985 30
8990 30
8995 30
9000 30
9005 30
9010 30
9015 30
9020 30
9025 30
9030 30
9035 30
9040 30
9045 30
9050 30
9055 30
9060 30
9065 30
9070 30
9075 30
9080 30
9085 30
9090 30
9095 30
9100 30
9105 30
9110 30
9115 30
9120 30
9125 30
9130 30
9135 30
9140 30
9145 30
9150 30
9155 30
9160 30
9165 30
9170 30
9175 30
9180 30
9185 30
9190 30
9195 30
9200 30
9205 30
9210 30
9215 30
9220 30
9225 30
9230 30
9235 30
9240 30
9245 30
9250 30
9255 30
9260 30
9265 30
9270 30
9275 30
9280 30
9285 30
9290 30
9295 30
9300 30
9305 30
9310 30
9315 30
9320 30
9325 30
9330 30
9335 30
9340 30
9345 30
9350 30
9355 30
9360 30
9365 30
9370 30
9375 30
9380 30
9385 30
9390 30
9395 30
9400 30
9405 30
9410 30
9415 30
9420 30
9425 30
9430 30
9435 30
9440 30
9445 30
9450 30
9455 30
9460 30
9465 30
9470 30
9475 30
9480 30
9485 30
9490 30
9495 30
9500 30
9505 30
9510 30
9515 30
9520 30
9525 30
9530 30
9535 30
9540 30
9545 30
9550 30
9555 30
9560 30
9565 30
9570 30
9575 30
9580 30
9585 30
9590 30
9595 30
9600 30
9605 30
9610 30
9615 30
9620 30
9625 30
9630 30
9635 30
9640 30
9645 30
9650 30
9655 30
9660 30
9665 30
9670 30
9675 30
9680 30
9685 30
9690 30
9695 30
9700 30
9705 30
9710 30
9715 30
9720 30
9725 30
9730 30
9735 30
9740 30
9745 30
9750 30
9755 30
9760 30
9765 30
9770 30
9775 30
9780 30
9785 30
9790 30
9795 30
9800 30
9805 30
9810 30
9815 30
9820 30
9825 30
9830 30
9835 30
9840 30
9845 30
9850 30
9855 30
9860 30
9865 30
9870 30
9875 30
9880 30
9885 30
9890 30
9895 30
9900 30
9905 30
9910 30
9915 30
9920 30
9925 30
9930 30
9935 30
9940 30
9945 30
9950 30
9955 30
9960 30
9965 30
9970 30
9975 30
9980 30
9985 30
9990 30
9995 30
10000 30
10005 30
10010 30
10015 30
10020 30
10025 30
10030 30
10035 30
10040 30
10045 30
10050 30
10055 30
10060 30
10065 30
10070 30
10075 30
10080 30
10085 30
10090 30
10095 30
10100 30
10105 30
10110 30
10115 30
10120 30
10125 30
10130 30
10135 30
10140 30
10145 30
10150 30
10155 30
10160 30
10165 30
10170 30
10175 30
10180 30
10185 30
10190 30
10195 30
10200 30
10205 30
10210 30
10215 30
10220 30
10225 30
10230 30
10235 30
10240 30
10245 30
10250 30
10255 30
10260 30
10265 30
10270 30
10275 30
10280 30
10285 30
10290 30
10295 30
10300 30
10305 30
10310 30
10315 30
10320 30
10325 30
10330 30
10335 30
10340 30
10345 30
10350 30
10355 30
10360 30
10365 30
10370 30
10375 30
10380 30
10385 30
10390 30
10395 30
10400 30
10405 30
10410 30
10415 30
10420 30
10425 30
10430 30
10435 30
10440 30
10445 30
10450 30
10455 30
10460 30
10465 30
10470 30
10475 30
10480 30
10485 30
10490 30
10495 30
10500 30
10505 30
10510 30
10515 30
10520 30
10525 30
10530 30
10535 30
10540 30
10545 30
10550 30
10555 30
10560 30
10565 30
10570 30
10575 30
10580 30
10585 30
10590 30
10595 30
10600 30
10605 30
10610 30
10615 30
10620 30
10625 30
10630 30
10635 30
10640 30
10645 30
10650 30
10655 30
10660 30
10665 30
10670 30
10675 30
10680 30
10685 30
10690 30
10695 30
10700 30
10705 30
10710 30
10715 30
10720 30
10725 30
10730 30
10735 30
10740 30
10745 30
10750 30
10755 30
10760 30
10765 30
10770 30
10775 30
10780 30
10785 30
10790 30
10795 30
10800 30
10805 30
10810 30
10815 30
10820 30
10825 30
10830 30
10835 30
10840 30
10845 30
10850 30
10855 30
10860 30
10865 30
10870 30
10875 30
10880 30
10885 30
10890 30
10895 30
10900 30
10905 30
10910 30
10915 30
10920 30
10925 30
10930 30
10935 30
10940 30
10945 30
10950 30
10955 30
10960 30
10965 30
10970 30
10975 30
10980 30
10985 30
10990 30
10995 30
11000 30
11005 30
11010 30
11015 30
11020 30
11025 30
11030 30
11035 30
11040 30
11045 30
11050 30
11055 30
11060 30
11065 30
11070 30
11075 30
11080 30
11085 30
11090 30
11095 30
11100 30
11105 30
11110 30
11115 30
11120 30
11125 30
11130 30
11135 30
11140 30
11145 30
11150 30
11155 30
11160 30
11165 30
11170 30
11175 30
11180 30
11185 30
11190 30
11195 30
11200 30
11205 30
11210 30
11215 30
11220 30
11225 30
11230 30
11235 30
11240 30
11245 30
11250 30
11255 30
11260 30
11265 30
11270 30
11275 30
11280 30
11285 30
11290 30
11295 30
11300 30
11305 30
11310 30
11315 30
11320 30
11325 30
11330 30
11335 30
11340 30
11345 30
11350 30
11355 30
11360 30
11365 30
11370 30
11375 30
11380 30
11385 30
11390 30
11395 30
11400 30
11405 30
11410 30
11415 30
11420 30
11425 30
11430 30
11435 30
11440 30
11445 30
11450 30
11455 30
11460 30
11465 30
11470 30
11475 30
11480 30
11485 30
11490 30
11495 30
11500 30
11505 30
11510 30
11515 30
11520 30
11525 30
11530 30
11535 30
11540 30
11545 30
11550 30
11555 30
11560 30
11565 30
11570 30
11575 30
11580 30
11585 30
11590 30
11595 30
11600 30
11605 30
11610 30
11615 30
11620 30
11625 30
11630 30
11635 30
11640 30
11645 30
11650 30
11655 30
11660 30
11665 30
11670 30
11675 30
11680 30
11685 30
11690 30
11695 30
11700 30
11705 30
11710 30
11715 30
11720 30
11725 30
11730 30
11735 30
11740 30
11745 30
11750 30
11755 30
11760 30
11765 30
11770 30
11775 30
11780 30
11785 30
11790 30
11795 30
11800 30
11805 30
11810 30
11815 30
11820 30
11825 30
11830 30
11835 30
11840 30
11845 30
11850 30
11855 30
11860 30
11865 30
11870 30
11875 30
11880 30
11885 30
11890 30
11895 30
11900 30
11905 30
11910 30
11915 30
11920 30
11925 30
11930 30
11935 30
11940 30
11945 30
11950 30
11955 30
11960 30
11965 30
11970 30
11975 30
11980 30
11985 30
11990 30
11995 30
12000 30
12005 30
12010 30
12015 30
12020 30
12025 30
12030 30
12035 30
12040 30
12045 30
12050 30
12055 30
12060 30
12065 30
12070 30
12075 30
12080 30
12085 30
12090 30
12095 30
12100 30
12105 30
12110 30
12115 30
12120 30
12125 30
12130 30
12135 30
12140 30
12145 30
12150 30
12155 30
12160 30
12165 30
12170 30
12175 30
12180 30
12185 30
12190 30
12195 30
12200 30
12205 30
12210 30
12215 30
12220 30
12225 30
12230 30
12235 30
12240 30
12245 30
12250 30
12255 30
12260 30
12265 30
12270 30
12275 30
12280 30
12285 30
12290 30
12295 30
12300 30
12305 30
12310 30
12315 30
12320 30
12325 30
12330 30
12335 30
12340 30
12345 30
12350 30
12355 30
12360 30
12365 30
12370 30
12375 30
12380 30
12385 30
12390 30
12395 30
12400 30
12405 30
12410 30
12415 30
12420 30
12425 30
12430 30
12435 30
12440 30
12445 30
12450 30
12455 30
12460 30
12465 30
12470 30
12475 30
12480 30
12485 30
12490 30
12495 30
12500 30
12505 30
12510 30
12515 30
12520 30
12525 30
12530 30
12535 30
12540 30
12545 30
12550 30
12555 30
12560 30
12565 30
12570 30
12575 30
12580 30
12585 30
12590 30
12595 30
12600 30
12605 30
12610 30
12615 30
12620 30
12625 30
12630 30
12635 30
12640 30
12645 30
12650 30
12655 30
12660 30
12665 30
12670 30
12675 30
12680 30
12685 30
12690 30
12695 30
12700 30
12705 30
12710 30
12715 30
12720 30
12725 30
12730 30
12735 30
12740 30
12745 30
12750 30
12755 30
12760 30
12765 30
12770 30
12775 30
12780 30
12785 30
12790 30
12795 30
12800 30
12805 30
12810 30
12815 30
12820 30
12825 30
12830 30
12835 30
12840 30
12845 30
12850 30
12855 30
12860 30
12865 30
12870 30
12875 30
12880 30
12885 30
12890 30
12895 30
12900 30
12905 30
12910 30
12915 30
12920 30
12925 30
12930 30
12935 30
12940 30
12945 30
12950 30
12955 30
12960 30
12965 30
12970 30
12975 30
12980 30
12985 30
12990 30
12995 30
13000 30
13005 30
13010 30
13015 30
13020 30
13025 30
13030 30
13035 30
13040 30
13045 30
13050 30
13055 30
13060 30
13065 30
13070 30
13075 30
13080 30
13085 30
13090 30
13095 30
13100 30
13105 30
13110 30
13115 30
13120 30
13125 30
13130 30
13135 30
13140 30
13145 30
13150 30
13155 30
13160 30
13165 30
13170 30
13175 30
13180 30
13185 30
13190 30
13195 30
13200 30
13205 30
13210 30
13215 30
13220 30
13225 30
13230 30
13235 30
13240 30
13245 30
13250 30
13255 30
13260 30
13265 30
13270 30
13275 30
13280 30
13285 30
13290 30
13295 30
13300 30
13305 30
13310 30
13315 30
13320 30
13325 30
13330 30
13335 30
13340 30
13345 30
13350 30
13355 30
13360 30
13365 30
13370 30
13375 30
13380 30
13385 30
13390 30
13395 30
13400 30
13405 30
13410 30
13415 30
13420 30
13425 30
13430 30
13435 30
13440 30
13445 30
13450 30
13455 30
13460 30
13465 30
13470 30
13475 30
13480 30
13485 30
13490 30
13495 30
13500 30
13505 30
13510 30
13515 30
13520 30
13525 30
13530 30
13535 30
13540 30
13545 30
13550 30
13555 30
13560 30
13565 30
13570 30
13575 30
13580 30
13585 30
13590 30
13595 30
13600 30
13605 30
13610 30
13615 30
13620 30
13625 30
13630 30
13635 30
13640 30
13645 30
13650 30
13655 30
13660 30
13665 30
13670 30
13675 30
13680 30
13685 30
13690 30
13695 30
13700 30
13705 30
13710 30
13715 30
13720 30
13725 30
13730 30
13735 30
13740 30
13745 30
13750 30
13755 30
13760 30
13765 30
13770 30
13775 30
13780 30
13785 30
13790 30
13795 30
13800 30
13805 30
13810 30
13815 30
13820 30
13825 30
13830 30
13835 30
13840 30
13845 30
13850 30
13855 30
13860 30
13865 30
13870 30
13875 30
13880 30
13885 30
13890 30
13895 30
13900 30
13905 30
13910 30
13915 30
13920 30
13925 30
13930 30
13935 30
13940 30
13945 30
13950 30
13955 30
13960 30
13965 30
13970 30
13975 30
13980 30
13985 30
13990 30
13995 30
14000 30
14005 30
14010 30
14015 30
14020 30
14025 30
14030 30
14035 30
14040 30
14045 30
14050 30
14055 30
14060 30
14065 30
14070 30
14075 30
14080 30
14085 30
14090 30
14095 30
14100 30
14105 30
14110 30
14115 30
14120 30
14125 30
14130 30
14135 30
14140 30
14145 30
14150 30
14155 30
14160 30
14165 30
14170 30
14175 30
14180 30
14185 30
14190 30
14195 30
14200 30
14205 30
14210 30
14215 30
14220 30
14225 30
14230 30
14235 30
14240 30
14245 30
14250 30
14255 30
14260 30
14265 30
14270 30
14275 30
14280 30
14285 30
14290 30
14295 30
14300 30
14305 30
14310 30
14315 30
14320 30
14325 30
14330 30
14335 30
14340 30
14345 30
14350 30
14355 30
14360 30
14365 30
14370 30
14375 30
14380 30
14385 30
14390 30
14395 30
14400 30
14405 30
14410 30
14415 30
14420 30
14425 30
14430 30
14435 30
14440 30
14445 30
14450 30
14455 30
14460 30
14465 30
14470 30
14475 30
14480 30
14485 30
14490 30
14495 30
14500 30
14505 30
14510 30
14515 30
14520 30
14525 30
14530 30
14535 30
14540 30
14545 30
14550 30
14555 30
14560 30
14565 30
14570 30
14575 30
14580 30
14585 30
14590 30
14595 30
14600 30
14605 30
14610 30
14615 30
14620 30
14625 30
14630 30
14635 30
14640 30
14645 30
14650 30
14655 30
14660 30
14665 30
14670 30
14675 30
14680 30
14685 30
14690 30
14695 30
14700 30
14705 30
14710 30
14715 30
14720 30
14725 30
14730 30
14735 30
14740 30
14745 30
14750 30
14755 30
14760 30
14765 30
14770 30
14775 30
14780 30
14785 30
14790 30
14795 30
14800 30
14805 30
14810 30
14815 30
14820 30
14825 30
14830 30
14835 30
14840 30
14845 30
14850 30
14855 30
14860 30
14865 30
14870 30
14875 30
14880 30
14885 30
14890 30
14895 30
14900 30
14905 30
14910 30
14915 30
14920 30
14925 30
14930 30
14935 30
14940 30
14945 30
14950 30
14955 30
14960 30
14965 30
14970 30
14975 30
14980 30
14985 30
14990 30
14995 30
15000 30
15005 30
15010 30
15015 30
15020 30
15025 30
15030 30
15035 30
15040 30
15045 30
15050 30
15055 30
15060 30
15065 30
15070 30
15075 30
15080 30
15085 30
15090 30
15095 30
15100 30
15105 30
15110 30
15115 30
15120 30
15125 30
15130 30
15135 30
15140 30
15145 30
15150 30
15155 30
15160 30
15165 30
15170 30
15175 30
15180 30
15185 30
15190 30
15195 30
15200 30
15205 30
15210 30
15215 30
15220 30
15225 30
15230 30
15235 30
15240 30
15245 30
15250 30
15255 30
15260 30
15265 30
15270 30
15275 30
15280 30
15285 30
15290 30
15295 30
15300 30
15305 30
15310 30
15315 30
15320 30
15325 30
15330 30
15335 30
15340 30
15345 30
15350 30
15355 30
15360 30
15365 30
15370 30
15375 30
15380 30
15385 30
15390 30
15395 30
15400 30
15405 30
15410 30
15415 30
15420 30
15425 30
15430 30
15435 30
15440 30
15445 30
15450 30
15455 30
15460 30
15465 30
15470 30
15475 30
15480 30
15485 30
15490 30
15495 30
15500 30
15505 30
15510 30
15515 30
15520 30
15525 30
15530 30
15535 30
15540 30
15545 30
15550 30
15555 30
15560 30
15565 30
15570 30
15575 30
15580 30
15585 30
15590 30
15595 30
15600 30
15605 30
15610 30
15615 30
15620 30
15625 30
15630 30
15635 30
15640 30
15645 30
15650 30
15655 30
15660 30
15665 30
15670 30
15675 30
15680 30
15685 30
15690 30
15695 30
15700 30
15705 30
15710 30
15715 30
15720 30
15725 30
15730 30
15735 30
15740 30
15745 30
15750 30
15755 30
15760 30
15765 30
15770 30
15775 30
15780 30
15785 30
15790 30
15795 30
15800 30
15805 30
15810 30
15815 30
15820 30
15825 30
15830 30
15835 30
15840 30
15845 30
15850 30
15855 30
15860 30
15865 30
15870 30
15875 30
15880 30
15885 30
15890 30
15895 30
15900 30
15905 30
15910 30
15915 30
15920 30
15925 30
15930 30
15935 30
15940 30
15945 30
15950 30
15955 30
15960 30
15965 30
15970 30
15975 30
15980 30
15985 30
15990 30
15995 30
16000 30
16005 30
16010 30
16015 30
16020 30
16025 30
16030 30
16035 30
16040 30
16045 30
16050 30
16055 30
16060 30
16065 30
16070 30
16075 30
16080 30
16085 30
16090 30
16095 30
16100 30
16105 30
16110 30
16115 30
16120 30
16125 30
16130 30
16135 30
16140 30
16145 30
16150 30
16155 30
16160 30
16165 30
16170 30
16175 30
16180 30
16185 30
16190 30
16195 30
16200 30
16205 30
16210 30
16215 30
16220 30
16225 30
16230 30
16235 30
16240 30
16245 30
16250 30
16255 30
16260 30
16265 30
16270 30
16275 30
16280 30
16285 30
16290 30
16295 30
16300 30
16305 30
16310 30
16315 30
16320 30
16325 30
16330 30
16335 30
16340 30
16345 30
16350 30
16355 30
16360 30
16365 30
16370 30
16375 30
16380 30
16385 30
16390 30
16395 30
16400 30
16405 30
16410 30
16415 30
16420 30
16425 30
16430 30
16435 30
16440 30
16445 30
16450 30
16455 30
16460 30
16465 30
16470 30
16475 30
16480 30
16485 30
16490 30
16495 30
16500 30
16505 30
16510 30
16515 30
16520 30
16525 30
16530 30
16535 30
16540 30
16545 30
16550 30
16555 30
16560 30
16565 30
16570 30
16575 30
16580 30
16585 30
16590 30
16595 30
16600 30
16605 30
16610 30
16615 30
16620 30
16625 30
16630 30
16635 30
16640 30
16645 30
16650 30
16655 30
16660 30
16665 30
16670 30
16675 30
16680 30
16685 30
16690 30
16695 30
16700 30
16705 30
16710 30
16715 30
16720 30
16725 30
16730 30
16735 30
16740 30
16745 30
16750 30
16755 30
16760 30
16765 30
16770 30
16775 30
16780 30
16785 30
16790 30
16795 30
16800 30
16805 30
16810 30
16815 30
16820 30
16825 30
16830 30
16835 30
16840 30
16845 30
16850 30
16855 30
16860 30
16865 30
16870 30
16875 30
16880 30
16885 30
16890 30
16895 30
16900 30
16905 30
16910 30
16915 30
16920 30
16925 30
16930 30
16935 30
16940 30
16945 30
16950 30
16955 30
16960 30
16965 30
16970 30
16975 30
16980 30
16985 30
16990 30
16995 30
17000 30
17005 30
17010 30
17015 30
17020 30
17025 30
17030 30
17035 30
17040 30
17045 30
17050 30
17055 30
17060 30
17065 30
17070 30
17075 30
17080 30
17085 30
17090 30
17095 30
17100 30
17105 30
17110 30
17115 30
17120 30
17125 30
17130 30
17135 30
17140 30
17145 30
17150 30
17155 30
17160 30
17165 30
17170 30
17175 30
17180 30
17185 30
17190 30
17195 30
17200 30
17205 30
17210 30
17215 30
17220 30
17225 30
17230 30
17235 30
17240 30
17245 30
17250 30
17255 30
17260 30
17265 30
17270 30
17275 30
17280 30
17285 30
17290 30
17295 30
17300 30
17305 30
17310 30
17315 30
17320 30
17325 30
17330 30
17335 30
17340 30
17345 30
17350 30
17355 30
17360 30
17365 30
17370 30
17375 30
17380 30
17385 30
17390 30
17395 30
17400 30
17405 30
17410 30
17415 30
17420 30
17425 30
17430 30
17435 30
17440 30
17445 30
17450 30
17455 30
17460 30
17465 30
17470 30
17475 30
17480 30
17485 30
17490 30
17495 30
17500 30
17505 30
17510 30
17515 30
17520 30
17525 30
17530 30
17535 30
17540 30
17545 30
17550 30
17555 30
17560 30
17565 30
17570 30
17575 30
17580 30
17585 30
17590 30
17595 30
17600 30
17605 30
17610 30
17615 30
17620 30
17625 30
17630 30
17635 30
17640 30
17645 30
17650 30
17655 30
17660 30
17665 30
17670 30
17675 30
17680 30
17685 30
17690 30
17695 30
17700 30
17705 30
17710 30
17715 30
17720 30
17725 30
17730 30
17735 30
17740 30
17745 30
17750 30
17755 30
17760 30
17765 30
17770 30
17775 30
17780 30
17785 30
17790 30
17795 30
17800 30
17805 30
17810 30
17815 30
17820 30
17825 30
17830 30
17835 30
17840 30
17845 30
17850 30
17855 30
17860 30
17865 30
17870 30
17875 30
17880 30
17885 30
17890 30
17895 30
17900 30
17905 30
17910 30
17915 30
17920 30
17925 30
17930 30
17935 30
17940 30
17945 30
17950 30
17955 30
17960 30
17965 30
17970 30
17975 30
17980 30
17985 30
17990 30
17995 30
18000 30
18005 30
18010 30
18015 30
18020 30
18025 30
18030 30
18035 30
18040 30
18045 30
18050 30
18055 30
18060 30
18065 30
18070 30
18075 30
18080 30
18085 30
18090 30
18095 30
18100 30
18105 30
18110 30
18115 30
18120 30
18125 30
18130 30
18135 30
18140 30
18145 30
18150 30
18155 30
18160 30
18165 30
18170 30
18175 30
18180 30
18185 30
18190 30
18195 30
18200 30
18205 30
18210 30
18215 30
18220 30
18225 30
18230 30
18235 30
18240 30
18245 30
18250 30
18255 30
18260 30
18265 30
18270 30
18275 30
18280 30
18285 30
18290 30
18295 30
18300 30
18305 30
18310 30
18315 30
18320 30
18325 30
18330 30
18335 30
18340 30
18345 30
18350 30
18355 30
18360 30
18365 30
18370 30
18375 30
18380 30
18385 30
18390 30
18395 30
18400 30
18405 30
18410 30
18415 30
18420 30
18425 30
18430 30
18435 30
18440 30
18445 30
18450 30
18455 30
18460 30
18465 30
18470 30
18475 30
18480 30
18485 30
18490 30
18495 30
18500 30
18505 30
18510 30
18515 30
18520 30
18525 30
18530 30
18535 30
18540 30
18545 30
18550 30
18555 30
18560 30
18565 30
18570 30
18575 30
18580 30
18585 30
18590 30
18595 30
18600 30
18605 30
18610 30
18615 30
18620 30
18625 30
18630 30
18635 30
18640 30
18645 30
18650 30
18655 30
18660 30
18665 30
18670 30
18675 30
18680 30
18685 30
18690 30
18695 30
18700 30
18705 30
18710 30
18715 30
18720 30
18725 30
18730 30
18735 30
18740 30
18745 30
18750 30
18755 30
18760 30
18765 30
18770 30
18775 30
18780 30
18785 30
18790 30
18795 30
18800 30
18805 30
18810 30
18815 30
18820 30
18825 30
18830 30
18835 30
18840 30
18845 30
18850 30
18855 30
18860 30
18865 30
18870 30
18875 30
18880 30
18885 30
18890 30
18895 30
18900 30
18905 30
18910 30
18915 30
18920 30
18925 30
18930 30
18935 30
18940 30
18945 30
18950 30
18955 30
18960 30
18965 30
18970 30
18975 30
18980 30
18985 30
18990 30
18995 30
19000 30
19005 30
19010 30
19015 30
19020 30
19025 30
19030 30
19035 30
19040 30
19045 30
19050 30
19055 30
19060 30
19065 30
19070 30
19075 30
19080 30
19085 30
19090 30
19095 30
19100 30
19105 30
19110 30
19115 30
19120 30
19125 30
19130 30
19135 30
19140 30
19145 30
19150 30
19155 30
19160 30
19165 30
19170 30
19175 30
19180 30
19185 30
19190 30
19195 30
19200 30
19205 30
19210 30
19215 30
19220 30
19225 30
19230 30
19235 30
19240 30
19245 30
19250 30
19255 30
19260 30
19265 30
19270 30
19275 30
19280 30
19285 30
19290 30
19295 30
19300 30
19305 30
19310 30
19315 30
19320 30
19325 30
19330 30
19335 30
19340 30
19345 30
19350 30
19355 30
19360 30
19365 30
19370 30
19375 30
19380 30
19385 30
19390 30
19395 30
19400 30
19405 30
19410 30
19415 30
19420 30
19425 30
19430 30
19435 30
19440 30
19445 30
19450 30
19455 30
19460 30
19465 30
19470 30
19475 30
19480 30
19485 30
19490 30
19495 30
19500 30
19505 30
19510 30
19515 30
19520 30
19525 30
19530 30
19535 30
19540 30
19545 30
19550 30
19555 30
19560 30
19565 30
19570 30
19575 30
19580 30
19585 30
19590 30
19595 30
19600 30
19605 30
19610 30
19615 30
19620 30
19625 30
19630 30
19635 30
19640 30
19645 30
19650 30
19655 30
19660 30
19665 30
19670 30
19675 30
19680 30
19685 30
19690 30
19695 30
19700 30
19705 30
19710 30
19715 30
19720 30
19725 30
19730 30
19735 30
19740 30
19745 30
19750 30
19755 30
19760 30
19765 30
19770 30
19775 30
19780 30
19785 30
19790 30
19795 30
19800 30
19805 30
19810 30
19815 30
19820 30
19825 30
19830 30
19835 30
19840 30
19845 30
19850 30
19855 30
19860 30
19865 30
19870 30
19875 30
19880 30
19885 30
19890 30
19895 30
19900 30
19905 30
19910 30
19915 30
19920 30
19925 30
19930 30
19935 30
19940 30
19945 30
19950 30
19955 30
19960 30
19965 30
19970 30
19975 30
19980 30
19985 30
19990 30
19995 30
20000 30
