0 6.35939
1 6.35939
2 6.00733
3 6.00733
4 6.00733
5 6.00733
6 6.00733
7 6.00733
8 6.00733
9 6.00733
10 4.4762
11 4.4762
12 4.4762
13 4.4762
14 4.4762
15 4.4762
16 4.35799
17 1.83589
18 1.83589
19 1.83589
20 1.83589
21 1.83589
22 1.83589
23 1.83589
24 1.83589
25 1.83589
26 1.83589
27 1.83589
28 1.83589
29 1.83589
30 1.83589
31 1.83589
32 1.22763
33 1.22763
34 1.22763
35 1.22763
36 1.22763
37 1.22763
38 1.22763
39 1.22763
40 1.22763
41 1.22763
42 1.22763
43 1.22763
44 1.22763
45 1.22763
46 1.22763
47 1.22763
48 1.09525
49 1.09525
50 1.09525
51 1.09525
52 0.85718
53 0.85718
54 0.814542
55 0.605035
56 0.605035
57 0.605035
58 0.605035
59 0.592461
60 0.592461
61 0.590325
62 0.590325
63 0.566797
64 0.566797
65 0.566797
66 0.566797
67 0.566797
68 0.566797
69 0.56473
70 0.56473
71 0.562331
72 0.562331
73 0.562331
74 0.562331
75 0.562331
76 0.562331
77 0.562331
78 0.0340988
79 0.0340988
80 0.0340988
81 0.0340988
82 0.0340988
83 0.0340988
84 0.0340988
85 0.0340988
86 0.0340988
87 0.0340988
88 0.0340988
89 0.0340988
90 0.0340988
91 0.0340988
92 0.0340988
93 0.0340988
94 0.0340988
95 0.0340988
96 0.0298696
97 0.0298696
98 0.0298696
99 0.0298696
100 0.0298696
101 0.0290026
102 0.0290026
103 0.0183522
104 0.0183522
105 0.0183522
106 0.0183522
107 0.0165174
108 0.0165174
109 0.0164543
110 0.0140913
111 0.0140913
112 0.0140913
113 0.0140913
114 0.0138797
115 0.0136752
116 0.0136752
117 0.0136089
118 0.0136089
119 0.0136089
120 0.0136089
121 0.0136026
122 0.0136026
123 0.0120435
124 0.00665493
125 0.00577509
126 0.00577509
127 0.00577509
128 0.00577509
129 0.00574864
130 0.00574864
131 0.00443712
132 0.00443712
133 0.00443712
134 0.0035866
135 0.00332425
136 0.00332425
137 0.00332425
138 0.00252547
139 0.0023396
140 0.0023396
141 0.00131916
142 0.00131916
143 0.00131916
144 0.00131916
145 0.000475154
146 0.000475154
147 0.000475154
148 0.000475154
149 0.000475154
150 0.000475154
151 0.000475154
152 0.000475154
153 0.000475154
154 0.000475154
155 0.000475154
156 0.000475154
157 0.000475154
158 0.000475154
159 0.000475154
160 0.000475154
161 0.000475154
162 0.000475154
163 0.000475154
164 0.000475154
165 0.000475154
166 0.000475154
167 0.000475154
168 0.000475154
169 0.000475154
170 0.000475154
171 0.000475154
172 0.000475154
173 0.000475154
174 0.000475154
175 0.000475154
176 0.000405899
177 0.000405899
178 0.000405899
179 0.000405899
180 9.63396e-05
181 9.63396e-05
182 9.63396e-05
183 9.63396e-05
184 9.63396e-05
185 9.63396e-05
186 9.63396e-05
187 9.63396e-05
188 9.63396e-05
189 9.63396e-05
190 9.63396e-05
191 9.63396e-05
192 9.63396e-05
193 9.63396e-05
194 9.63396e-05
195 9.63396e-05
196 9.63396e-05
197 9.63396e-05
198 8.22094e-05
199 8.22094e-05
200 8.22094e-05
201 2.6143e-05
202 2.6143e-05
203 2.6143e-05
204 2.6143e-05
205 2.6143e-05
206 2.6143e-05
207 2.6143e-05
208 2.45346e-05
209 1.32856e-05
210 1.32856e-05
211 1.32856e-05
212 4.44938e-06
213 4.44938e-06
214 4.44938e-06
215 4.44938e-06
216 4.44938e-06
217 4.44938e-06
218 2.46023e-06
219 2.32002e-06
220 2.32002e-06
221 1.53087e-06
222 1.53087e-06
223 1.01226e-06
224 1.01226e-06
225 1.01226e-06
226 1.01226e-06
227 1.01226e-06
228 1.01226e-06
229 1.01226e-06
230 1.01226e-06
231 1.01226e-06
232 1.01226e-06
233 1.01226e-06
234 1.01226e-06
235 1.01226e-06
236 1.01226e-06
237 1.01226e-06
238 1.01226e-06
239 1.01226e-06
240 8.72442e-07
241 8.72442e-07
242 8.33779e-07
243 8.33779e-07
244 8.33779e-07
245 8.33779e-07
246 8.33779e-07
247 7.98252e-07
248 7.39411e-07
249 7.39411e-07
250 7.2823e-07
251 7.2823e-07
252 6.42158e-07
253 6.42158e-07
254 5.47488e-07
255 2.25106e-07
256 2.25106e-07
257 6.44617e-08
258 6.44617e-08
259 6.44617e-08
260 6.44617e-08
261 4.47929e-08
262 4.47929e-08
263 4.47929e-08
264 4.47929e-08
265 4.47929e-08
266 4.47929e-08
267 3.15627e-08
268 2.29469e-08
269 2.29469e-08
270 2.29469e-08
271 2.29469e-08
272 2.29469e-08
273 2.09112e-08
274 1.73712e-08
275 1.73712e-08
276 1.73712e-08
277 1.73712e-08
278 1.73712e-08
279 1.73712e-08
280 1.73712e-08
281 1.57355e-08
282 1.57355e-08
283 1.55378e-08
284 7.94371e-09
285 6.32957e-09
286 6.32957e-09
287 6.32957e-09
288 6.32957e-09
289 6.32957e-09
290 4.34684e-09
291 4.34684e-09
292 4.34684e-09
293 4.34684e-09
294 4.34684e-09
295 4.34684e-09
296 4.34684e-09
297 4.34684e-09
298 1.23097e-09
299 1.23097e-09
300 1.23097e-09
301 1.23097e-09
302 1.23097e-09
303 6.17508e-10
304 2.38324e-10
305 2.38324e-10
306 2.38324e-10
307 2.38324e-10
308 2.38324e-10
309 2.38324e-10
310 2.38324e-10
311 2.38324e-10
312 2.38324e-10
313 2.38324e-10
314 2.38324e-10
315 1.96878e-10
316 1.96878e-10
317 1.72744e-10
318 8.16596e-11
319 8.16596e-11
320 1.86877e-11
321 1.86877e-11
322 1.86877e-11
323 1.86877e-11
324 1.86877e-11
325 2.40918e-12
326 2.40918e-12
327 2.40918e-12
328 2.40918e-12
329 2.40918e-12
330 2.40918e-12
331 2.40918e-12
332 2.40918e-12
333 2.40918e-12
334 2.40918e-12
335 2.40918e-12
336 2.40918e-12
337 2.40918e-12
338 2.40918e-12
339 2.40918e-12
340 1.27587e-12
341 1.27587e-12
342 1.27587e-12
343 1.27587e-12
344 1.27587e-12
345 1.27587e-12
346 1.27587e-12
347 1.27587e-12
348 6.68354e-13
349 5.973e-13
350 5.973e-13
351 5.973e-13
352 5.973e-13
353 3.73479e-13
354 3.73479e-13
355 2.13607e-13
356 2.13607e-13
357 2.13607e-13
358 1.92291e-13
359 1.7808e-13
360 7.86038e-14
361 5.01821e-14
362 2.17604e-14
363 2.17604e-14
364 2.17604e-14
365 2.17604e-14
366 2.17604e-14
367 2.17604e-14
368 2.17604e-14
369 3.9968e-15
370 3.9968e-15
371 3.9968e-15
372 3.9968e-15
373 3.9968e-15
374 3.9968e-15
375 3.9968e-15
376 3.9968e-15
377 3.9968e-15
378 3.9968e-15
379 3.9968e-15
380 3.9968e-15
381 3.9968e-15
382 3.9968e-15
383 3.9968e-15
384 3.9968e-15
385 3.9968e-15
386 3.9968e-15
387 3.9968e-15
388 4.44089e-16
389 4.44089e-16
390 4.44089e-16
391 4.44089e-16
392 4.44089e-16
393 4.44089e-16
394 4.44089e-16
395 4.44089e-16
396 4.44089e-16
397 4.44089e-16
398 4.44089e-16
399 4.44089e-16
400 4.44089e-16
401 4.44089e-16
402 4.44089e-16
403 4.44089e-16
404 4.44089e-16
405 4.44089e-16
406 4.44089e-16
407 4.44089e-16
408 4.44089e-16
409 4.44089e-16
410 4.44089e-16
411 4.44089e-16
412 4.44089e-16
413 4.44089e-16
414 4.44089e-16
415 4.44089e-16
416 4.44089e-16
417 4.44089e-16
418 4.44089e-16
419 4.44089e-16
420 4.44089e-16
421 4.44089e-16
422 4.44089e-16
423 4.44089e-16
424 4.44089e-16
425 4.44089e-16
426 4.44089e-16
427 4.44089e-16
428 4.44089e-16
429 4.44089e-16
430 4.44089e-16
431 4.44089e-16
432 4.44089e-16
433 4.44089e-16
434 4.44089e-16
435 4.44089e-16
436 4.44089e-16
437 4.44089e-16
438 4.44089e-16
439 4.44089e-16
440 4.44089e-16
441 4.44089e-16
442 4.44089e-16
443 4.44089e-16
444 4.44089e-16
445 4.44089e-16
446 4.44089e-16
447 4.44089e-16
448 4.44089e-16
449 4.44089e-16
450 4.44089e-16
451 4.44089e-16
452 4.44089e-16
453 4.44089e-16
454 4.44089e-16
455 4.44089e-16
456 4.44089e-16
457 4.44089e-16
458 4.44089e-16
459 4.44089e-16
460 4.44089e-16
461 4.44089e-16
462 4.44089e-16
463 4.44089e-16
464 4.44089e-16
465 4.44089e-16
466 4.44089e-16
467 4.44089e-16
468 4.44089e-16
469 4.44089e-16
470 4.44089e-16
471 4.44089e-16
472 4.44089e-16
473 4.44089e-16
474 4.44089e-16
475 4.44089e-16
476 4.44089e-16
477 4.44089e-16
478 4.44089e-16
479 4.44089e-16
480 4.44089e-16
481 4.44089e-16
482 4.44089e-16
483 4.44089e-16
484 4.44089e-16
485 4.44089e-16
486 4.44089e-16
487 4.44089e-16
488 4.44089e-16
489 4.44089e-16
490 4.44089e-16
491 4.44089e-16
492 4.44089e-16
493 4.44089e-16
494 4.44089e-16
495 4.44089e-16
496 4.44089e-16
497 4.44089e-16
498 4.44089e-16
499 4.44089e-16
500 4.44089e-16
501 4.44089e-16
502 4.44089e-16
503 4.44089e-16
504 4.44089e-16
505 4.44089e-16
506 4.44089e-16
507 4.44089e-16
508 4.44089e-16
509 4.44089e-16
510 4.44089e-16
511 4.44089e-16
512 4.44089e-16
513 4.44089e-16
514 4.44089e-16
515 4.44089e-16
516 4.44089e-16
517 4.44089e-16
518 4.44089e-16
519 4.44089e-16
520 4.44089e-16
521 4.44089e-16
522 4.44089e-16
523 4.44089e-16
524 4.44089e-16
525 4.44089e-16
526 4.44089e-16
527 4.44089e-16
528 4.44089e-16
529 4.44089e-16
530 4.44089e-16
531 4.44089e-16
532 4.44089e-16
533 4.44089e-16
534 4.44089e-16
535 4.44089e-16
536 4.44089e-16
537 4.44089e-16
538 4.44089e-16
539 4.44089e-16
540 4.44089e-16
541 4.44089e-16
542 4.44089e-16
543 4.44089e-16
544 4.44089e-16
545 4.44089e-16
546 4.44089e-16
547 4.44089e-16
548 4.44089e-16
549 4.44089e-16
550 4.44089e-16
551 4.44089e-16
552 4.44089e-16
553 4.44089e-16
554 4.44089e-16
555 4.44089e-16
556 4.44089e-16
557 4.44089e-16
558 4.44089e-16
559 4.44089e-16
560 4.44089e-16
561 4.44089e-16
562 4.44089e-16
563 4.44089e-16
564 4.44089e-16
565 4.44089e-16
566 4.44089e-16
567 4.44089e-16
568 4.44089e-16
569 4.44089e-16
570 4.44089e-16
571 4.44089e-16
572 4.44089e-16
573 4.44089e-16
574 4.44089e-16
575 4.44089e-16
576 4.44089e-16
577 4.44089e-16
578 4.44089e-16
579 4.44089e-16
580 4.44089e-16
581 4.44089e-16
582 4.44089e-16
583 4.44089e-16
584 4.44089e-16
585 4.44089e-16
586 4.44089e-16
587 4.44089e-16
588 4.44089e-16
589 4.44089e-16
590 4.44089e-16
591 4.44089e-16
592 4.44089e-16
593 4.44089e-16
594 4.44089e-16
595 4.44089e-16
596 4.44089e-16
597 4.44089e-16
598 4.44089e-16
599 4.44089e-16
600 4.44089e-16
601 4.44089e-16
602 4.44089e-16
603 4.44089e-16
604 4.44089e-16
605 4.44089e-16
606 4.44089e-16
607 4.44089e-16
608 4.44089e-16
609 4.44089e-16
610 4.44089e-16
611 4.44089e-16
612 4.44089e-16
613 4.44089e-16
614 4.44089e-16
615 4.44089e-16
616 4.44089e-16
617 4.44089e-16
618 4.44089e-16
619 4.44089e-16
620 4.44089e-16
621 4.44089e-16
622 4.44089e-16
623 4.44089e-16
624 4.44089e-16
625 4.44089e-16
626 4.44089e-16
627 4.44089e-16
628 4.44089e-16
629 4.44089e-16
630 4.44089e-16
631 4.44089e-16
632 4.44089e-16
633 4.44089e-16
634 4.44089e-16
635 4.44089e-16
636 4.44089e-16
637 4.44089e-16
638 4.44089e-16
639 4.44089e-16
640 4.44089e-16
641 4.44089e-16
642 4.44089e-16
643 4.44089e-16
644 4.44089e-16
645 4.44089e-16
646 4.44089e-16
647 4.44089e-16
648 4.44089e-16
649 4.44089e-16
650 4.44089e-16
651 4.44089e-16
652 4.44089e-16
653 4.44089e-16
654 4.44089e-16
655 4.44089e-16
656 4.44089e-16
657 4.44089e-16
658 4.44089e-16
659 4.44089e-16
660 4.44089e-16
661 4.44089e-16
662 4.44089e-16
663 4.44089e-16
664 4.44089e-16
665 4.44089e-16
666 4.44089e-16
