0 8.52461
1 8.52461
2 8.52461
3 8.52461
4 8.52461
5 6.26726
6 6.26726
7 5.77571
8 5.77571
9 5.77571
10 5.77571
11 5.77571
12 5.77571
13 5.77571
14 3.62779
15 3.62779
16 3.62779
17 3.62779
18 3.62779
19 3.62779
20 3.62779
21 3.62779
22 3.18868
23 3.18868
24 3.18868
25 3.18868
26 3.18868
27 3.18868
28 3.18868
29 3.18868
30 3.18868
31 3.18868
32 3.18868
33 3.18868
34 3.18868
35 3.18868
36 2.7051
37 2.7051
38 1.50616
39 1.50616
40 1.50616
41 1.50616
42 1.50616
43 1.50616
44 1.50616
45 1.50616
46 1.50616
47 1.50616
48 1.50616
49 1.50616
50 1.50616
51 1.50616
52 1.50616
53 0.915951
54 0.915951
55 0.114083
56 0.114083
57 0.114083
58 0.114083
59 0.114083
60 0.114083
61 0.114083
62 0.114083
63 0.114083
64 0.114083
65 0.114083
66 0.114083
67 0.114083
68 0.114083
69 0.114083
70 0.114083
71 0.114083
72 0.114083
73 0.114083
74 0.114083
75 0.114083
76 0.114083
77 0.114083
78 0.114083
79 0.114083
80 0.114083
81 0.114083
82 0.114083
83 0.114083
84 0.114083
85 0.114083
86 0.114083
87 0.114083
88 0.114083
89 0.114083
90 0.114083
91 0.114083
92 0.114083
93 0.114083
94 0.0131251
95 0.0131251
96 0.0131251
97 0.0131251
98 0.0131251
99 0.0131251
100 0.0131251
101 0.0131251
102 0.0131251
103 0.0131251
104 0.0131251
105 0.0131251
106 0.0131251
107 0.0131251
108 0.0131251
109 0.0131251
110 0.0131251
111 0.0131251
112 0.0131251
113 0.0131251
114 0.0131251
115 0.0131251
116 0.0131251
117 0.0131251
118 0.0131251
119 0.0131251
120 0.0131251
121 0.0116104
122 0.0116104
123 0.0116104
124 0.0116104
125 0.0116104
126 0.0116104
127 0.0116104
128 0.00904087
129 0.00904087
130 0.00904087
131 0.00904087
132 0.00904087
133 0.00904087
134 0.00904087
135 0.00904087
136 0.00338327
137 0.00338327
138 0.00338327
139 0.00338327
140 0.00338327
141 0.00338327
142 0.00338327
143 0.00338327
144 0.00338327
145 0.00338327
146 0.0031477
147 0.0031477
148 0.0031477
149 0.0031477
150 0.0031477
151 0.0031477
152 0.0031477
153 0.000917463
154 0.000917463
155 0.000695382
156 0.000695382
157 0.000695382
158 0.000695382
159 0.000333259
160 0.000333259
161 0.000333259
162 0.000333259
163 0.000333259
164 0.000145283
165 0.000145283
166 0.000145283
167 0.000145283
168 0.000145283
169 0.000145283
170 0.000145283
171 0.000145283
172 0.000145283
173 0.000145283
174 0.000145283
175 0.000145283
176 0.000145283
177 0.000145283
178 0.000145283
179 0.000145283
180 0.000145283
181 0.000145283
182 5.97576e-05
183 5.97576e-05
184 5.97576e-05
185 5.97576e-05
186 5.97576e-05
187 5.4343e-05
188 5.4343e-05
189 5.4343e-05
190 5.4343e-05
191 2.85534e-05
192 2.6922e-05
193 2.6922e-05
194 2.6922e-05
195 2.6922e-05
196 2.6922e-05
197 2.6922e-05
198 2.6922e-05
199 2.6922e-05
200 2.6922e-05
201 2.6922e-05
202 2.6922e-05
203 2.6922e-05
204 2.6922e-05
205 2.6922e-05
206 2.6922e-05
207 2.6922e-05
208 2.6922e-05
209 2.6922e-05
210 2.6922e-05
211 2.6922e-05
212 2.6922e-05
213 2.6922e-05
214 5.81352e-06
215 5.81352e-06
216 5.81352e-06
217 5.81352e-06
218 5.81352e-06
219 5.81352e-06
220 5.81352e-06
221 5.81352e-06
222 5.81352e-06
223 5.81352e-06
224 5.81352e-06
225 5.81352e-06
226 5.81352e-06
227 5.81352e-06
228 5.81352e-06
229 5.81352e-06
230 4.13918e-06
231 1.80472e-06
232 1.80472e-06
233 1.80472e-06
234 1.80472e-06
235 1.80472e-06
236 1.80472e-06
237 1.80472e-06
238 1.80472e-06
239 1.80472e-06
240 5.43514e-07
241 5.43514e-07
242 5.43514e-07
243 5.43514e-07
244 5.43514e-07
245 5.43514e-07
246 5.43514e-07
247 4.805e-07
248 4.805e-07
249 4.805e-07
250 4.805e-07
251 4.805e-07
252 4.805e-07
253 4.805e-07
254 4.805e-07
255 4.805e-07
256 4.805e-07
257 4.805e-07
258 3.65411e-07
259 3.65411e-07
260 3.65411e-07
261 3.65411e-07
262 3.65411e-07
263 2.77955e-07
264 2.77955e-07
265 2.77955e-07
266 2.77955e-07
267 7.70114e-08
268 7.70114e-08
269 7.70114e-08
270 7.70114e-08
271 7.70114e-08
272 7.70114e-08
273 7.70114e-08
274 3.58959e-08
275 2.96657e-08
276 2.63626e-08
277 2.63626e-08
278 1.48123e-08
279 1.48123e-08
280 1.48123e-08
281 1.48123e-08
282 1.40777e-08
283 9.60964e-09
284 9.60964e-09
285 9.60964e-09
286 9.60964e-09
287 9.60964e-09
288 9.60964e-09
289 7.12355e-09
290 7.12355e-09
291 5.01994e-09
292 2.7112e-09
293 2.5065e-09
294 2.5065e-09
295 2.34112e-09
296 2.00309e-09
297 1.44405e-09
298 1.3178e-09
299 1.3178e-09
300 2.20716e-10
301 2.20716e-10
302 2.20716e-10
303 2.20716e-10
304 2.20716e-10
305 2.20716e-10
306 2.20716e-10
307 2.20716e-10
308 1.15894e-10
309 1.15894e-10
310 1.15894e-10
311 1.15894e-10
312 1.15894e-10
313 1.15894e-10
314 1.15894e-10
315 1.15894e-10
316 1.13307e-10
317 1.13307e-10
318 8.96212e-11
319 8.96212e-11
320 8.96212e-11
321 2.38143e-11
322 2.38143e-11
323 2.38143e-11
324 2.38143e-11
325 2.8284e-12
326 2.8284e-12
327 2.8284e-12
328 2.8284e-12
329 2.8284e-12
330 2.8284e-12
331 2.8284e-12
332 2.8284e-12
333 2.8284e-12
334 2.8284e-12
335 2.8284e-12
336 2.8284e-12
337 2.8284e-12
338 2.8284e-12
339 2.8284e-12
340 2.8284e-12
341 2.8284e-12
342 2.8284e-12
343 1.86207e-12
344 1.48548e-12
345 1.48548e-12
346 8.67306e-13
347 8.67306e-13
348 2.91767e-13
349 2.91767e-13
350 2.91767e-13
351 2.91767e-13
352 2.91767e-13
353 2.91767e-13
354 2.91767e-13
355 2.91767e-13
356 2.91767e-13
357 2.91767e-13
358 2.91767e-13
359 2.91767e-13
360 2.91767e-13
361 2.91767e-13
362 2.91767e-13
363 2.7045e-13
364 2.7045e-13
365 2.7045e-13
366 2.7045e-13
367 2.7045e-13
368 2.63345e-13
369 1.74527e-13
370 5.72875e-14
371 5.72875e-14
372 5.72875e-14
373 5.72875e-14
374 5.72875e-14
375 4.30767e-14
376 7.54952e-15
377 7.54952e-15
378 7.54952e-15
379 7.54952e-15
380 7.54952e-15
381 7.54952e-15
382 7.54952e-15
383 7.54952e-15
384 3.9968e-15
385 3.9968e-15
386 3.9968e-15
387 3.9968e-15
388 3.9968e-15
389 3.9968e-15
390 3.9968e-15
391 3.9968e-15
392 4.44089e-16
393 4.44089e-16
394 4.44089e-16
395 4.44089e-16
396 4.44089e-16
397 4.44089e-16
398 4.44089e-16
399 4.44089e-16
400 4.44089e-16
401 4.44089e-16
402 4.44089e-16
403 4.44089e-16
404 4.44089e-16
405 4.44089e-16
406 4.44089e-16
407 4.44089e-16
408 4.44089e-16
409 4.44089e-16
410 4.44089e-16
411 4.44089e-16
412 4.44089e-16
413 4.44089e-16
414 4.44089e-16
415 4.44089e-16
416 4.44089e-16
417 4.44089e-16
418 4.44089e-16
419 4.44089e-16
420 4.44089e-16
421 4.44089e-16
422 4.44089e-16
423 4.44089e-16
424 4.44089e-16
425 4.44089e-16
426 4.44089e-16
427 4.44089e-16
428 4.44089e-16
429 4.44089e-16
430 4.44089e-16
431 4.44089e-16
432 4.44089e-16
433 4.44089e-16
434 4.44089e-16
435 4.44089e-16
436 4.44089e-16
437 4.44089e-16
438 4.44089e-16
439 4.44089e-16
440 4.44089e-16
441 4.44089e-16
442 4.44089e-16
443 4.44089e-16
444 4.44089e-16
445 4.44089e-16
446 4.44089e-16
447 4.44089e-16
448 4.44089e-16
449 4.44089e-16
450 4.44089e-16
451 4.44089e-16
452 4.44089e-16
453 4.44089e-16
454 4.44089e-16
455 4.44089e-16
456 4.44089e-16
457 4.44089e-16
458 4.44089e-16
459 4.44089e-16
460 4.44089e-16
461 4.44089e-16
462 4.44089e-16
463 4.44089e-16
464 4.44089e-16
465 4.44089e-16
466 4.44089e-16
467 4.44089e-16
468 4.44089e-16
469 4.44089e-16
470 4.44089e-16
471 4.44089e-16
472 4.44089e-16
473 4.44089e-16
474 4.44089e-16
475 4.44089e-16
476 4.44089e-16
477 4.44089e-16
478 4.44089e-16
479 4.44089e-16
480 4.44089e-16
481 4.44089e-16
482 4.44089e-16
483 4.44089e-16
484 4.44089e-16
485 4.44089e-16
486 4.44089e-16
487 4.44089e-16
488 4.44089e-16
489 4.44089e-16
490 4.44089e-16
491 4.44089e-16
492 4.44089e-16
493 4.44089e-16
494 4.44089e-16
495 4.44089e-16
496 4.44089e-16
497 4.44089e-16
498 4.44089e-16
499 4.44089e-16
500 4.44089e-16
501 4.44089e-16
502 4.44089e-16
503 4.44089e-16
504 4.44089e-16
505 4.44089e-16
506 4.44089e-16
507 4.44089e-16
508 4.44089e-16
509 4.44089e-16
510 4.44089e-16
511 4.44089e-16
512 4.44089e-16
513 4.44089e-16
514 4.44089e-16
515 4.44089e-16
516 4.44089e-16
517 4.44089e-16
518 4.44089e-16
519 4.44089e-16
520 4.44089e-16
521 4.44089e-16
522 4.44089e-16
523 4.44089e-16
524 4.44089e-16
525 4.44089e-16
526 4.44089e-16
527 4.44089e-16
528 4.44089e-16
529 4.44089e-16
530 4.44089e-16
531 4.44089e-16
532 4.44089e-16
533 4.44089e-16
534 4.44089e-16
535 4.44089e-16
536 4.44089e-16
537 4.44089e-16
538 4.44089e-16
539 4.44089e-16
540 4.44089e-16
541 4.44089e-16
542 4.44089e-16
543 4.44089e-16
544 4.44089e-16
545 4.44089e-16
546 4.44089e-16
547 4.44089e-16
548 4.44089e-16
549 4.44089e-16
550 4.44089e-16
551 4.44089e-16
552 4.44089e-16
553 4.44089e-16
554 4.44089e-16
555 4.44089e-16
556 4.44089e-16
557 4.44089e-16
558 4.44089e-16
559 4.44089e-16
560 4.44089e-16
561 4.44089e-16
562 4.44089e-16
563 4.44089e-16
564 4.44089e-16
565 4.44089e-16
566 4.44089e-16
567 4.44089e-16
568 4.44089e-16
569 4.44089e-16
570 4.44089e-16
571 4.44089e-16
572 4.44089e-16
573 4.44089e-16
574 4.44089e-16
575 4.44089e-16
576 4.44089e-16
577 4.44089e-16
578 4.44089e-16
579 4.44089e-16
580 4.44089e-16
581 4.44089e-16
582 4.44089e-16
583 4.44089e-16
584 4.44089e-16
585 4.44089e-16
586 4.44089e-16
587 4.44089e-16
588 4.44089e-16
589 4.44089e-16
590 4.44089e-16
591 4.44089e-16
592 4.44089e-16
593 4.44089e-16
594 4.44089e-16
595 4.44089e-16
596 4.44089e-16
597 4.44089e-16
598 4.44089e-16
599 4.44089e-16
600 4.44089e-16
601 4.44089e-16
602 4.44089e-16
603 4.44089e-16
604 4.44089e-16
605 4.44089e-16
606 4.44089e-16
607 4.44089e-16
608 4.44089e-16
609 4.44089e-16
610 4.44089e-16
611 4.44089e-16
612 4.44089e-16
613 4.44089e-16
614 4.44089e-16
615 4.44089e-16
616 4.44089e-16
617 4.44089e-16
618 4.44089e-16
619 4.44089e-16
620 4.44089e-16
621 4.44089e-16
622 4.44089e-16
623 4.44089e-16
624 4.44089e-16
625 4.44089e-16
626 4.44089e-16
627 4.44089e-16
628 4.44089e-16
629 4.44089e-16
630 4.44089e-16
631 4.44089e-16
632 4.44089e-16
633 4.44089e-16
634 4.44089e-16
635 4.44089e-16
636 4.44089e-16
637 4.44089e-16
638 4.44089e-16
639 4.44089e-16
640 4.44089e-16
641 4.44089e-16
642 4.44089e-16
643 4.44089e-16
644 4.44089e-16
645 4.44089e-16
646 4.44089e-16
647 4.44089e-16
648 4.44089e-16
649 4.44089e-16
650 4.44089e-16
651 4.44089e-16
652 4.44089e-16
653 4.44089e-16
654 4.44089e-16
655 4.44089e-16
656 4.44089e-16
657 4.44089e-16
658 4.44089e-16
659 4.44089e-16
660 4.44089e-16
661 4.44089e-16
662 4.44089e-16
663 4.44089e-16
664 4.44089e-16
665 4.44089e-16
666 4.44089e-16
