0 8.5673
1 5.11897
2 5.11897
3 5.11897
4 5.11897
5 5.11897
6 5.11897
7 5.11897
8 5.11897
9 3.97911
10 0.778144
11 0.778144
12 0.778144
13 0.778144
14 0.778144
15 0.778144
16 0.778144
17 0.778144
18 0.778144
19 0.778144
20 0.404327
21 0.404327
22 0.404327
23 0.404327
24 0.404327
25 0.404327
26 0.404327
27 0.404327
28 0.404327
29 0.404327
30 0.404327
31 0.404327
32 0.404327
33 0.404327
34 0.404327
35 0.404327
36 0.404327
37 0.404327
38 0.307722
39 0.307722
40 0.307722
41 0.29231
42 0.29231
43 0.29231
44 0.29231
45 0.29231
46 0.29231
47 0.29231
48 0.29231
49 0.29231
50 0.29231
51 0.29231
52 0.29231
53 0.29231
54 0.29231
55 0.29231
56 0.29231
57 0.29231
58 0.291914
59 0.291914
60 0.291914
61 0.291914
62 0.291914
63 0.291914
64 0.291914
65 0.291914
66 0.210927
67 0.210927
68 0.0886236
69 0.0886236
70 0.0886236
71 0.0886236
72 0.0886236
73 0.0886236
74 0.0886236
75 0.0886236
76 0.0886236
77 0.0886236
78 0.0886236
79 0.0557801
80 0.0496065
81 0.0496065
82 0.0496065
83 0.0496065
84 0.0322768
85 0.0181991
86 0.0181991
87 0.0181991
88 0.0181991
89 0.00192355
90 0.00192355
91 0.000643232
92 0.000643232
93 0.000643232
94 0.000643232
95 0.000643232
96 0.000643232
97 0.000643232
98 0.000643232
99 0.000643232
100 0.000643232
101 0.000643232
102 0.000643232
103 0.000643232
104 0.000643232
105 0.000643232
106 0.000643232
107 0.000643232
108 0.000643232
109 0.000643232
110 0.000643232
111 0.000643232
112 0.000643232
113 0.000643232
114 0.000643232
115 0.000643232
116 0.000643232
117 0.000643232
118 0.000643232
119 0.000643232
120 0.000643232
121 0.000643232
122 0.000643232
123 0.000643232
124 0.000643232
125 0.000643232
126 0.000643232
127 0.000643232
128 0.000643232
129 0.000433872
130 0.000433872
131 0.000433872
132 0.000433872
133 0.000433872
134 0.000433872
135 0.000433872
136 0.000433872
137 0.000433872
138 0.000433872
139 0.000433872
140 0.000433872
141 0.000433872
142 0.000433872
143 0.000156638
144 0.000156638
145 0.000156638
146 0.000156638
147 0.000156638
148 0.000156638
149 0.000156638
150 0.000156638
151 0.000156638
152 0.000156638
153 0.000156638
154 0.000156638
155 0.000156638
156 0.000156638
157 0.000156638
158 0.000156638
159 0.000153488
160 0.000153488
161 0.000153488
162 0.000153488
163 0.000153488
164 0.000145806
165 0.000145806
166 7.9689e-05
167 7.9689e-05
168 7.72681e-05
169 7.72681e-05
170 7.72681e-05
171 6.59357e-05
172 6.59357e-05
173 5.44487e-05
174 4.48461e-05
175 3.87114e-05
176 3.51403e-05
177 3.3301e-05
178 1.74057e-05
179 1.74057e-05
180 1.74057e-05
181 1.08927e-05
182 1.08927e-05
183 1.08927e-05
184 1.08927e-05
185 1.08927e-05
186 1.08927e-05
187 1.06893e-05
188 1.06893e-05
189 1.06893e-05
190 1.06893e-05
191 9.81125e-06
192 8.62552e-06
193 7.73348e-06
194 7.06319e-06
195 6.56e-06
196 6.18257e-06
197 5.89964e-06
198 5.68768e-06
199 5.52898e-06
200 5.41023e-06
201 5.32142e-06
202 5.25504e-06
203 5.20548e-06
204 5.1685e-06
205 5.14092e-06
206 5.12038e-06
207 5.10509e-06
208 5.09373e-06
209 4.60893e-06
210 4.15988e-06
211 4.15988e-06
212 3.83661e-06
213 3.83661e-06
214 3.83661e-06
215 3.83661e-06
216 3.83661e-06
217 3.83661e-06
218 3.38017e-06
219 2.14279e-06
220 1.51579e-06
221 1.37974e-06
222 1.3519e-06
223 1.21396e-06
224 1.001e-06
225 1.001e-06
226 9.65974e-07
227 9.65974e-07
228 9.65974e-07
229 8.66861e-07
230 8.12899e-07
231 8.12899e-07
232 7.63078e-07
233 7.11005e-07
234 6.92473e-07
235 6.63896e-07
236 5.75115e-07
237 4.94153e-07
238 4.09661e-07
239 3.5708e-07
240 2.57737e-07
241 1.76949e-07
242 1.18624e-07
243 1.18624e-07
244 8.52031e-08
245 8.33758e-08
246 6.2474e-08
247 5.51822e-08
248 5.51822e-08
249 4.78787e-08
250 2.85553e-08
251 2.85553e-08
252 2.84185e-08
253 2.84185e-08
254 2.70547e-08
255 2.70547e-08
256 2.5474e-08
257 2.54018e-08
258 2.54018e-08
259 2.51108e-08
260 2.43218e-08
261 2.26658e-08
262 2.15158e-08
263 2.07164e-08
264 2.01601e-08
265 1.86821e-08
266 1.73068e-08
267 1.61368e-08
268 1.33618e-08
269 1.00774e-08
270 7.83795e-09
271 5.9154e-09
272 3.60767e-09
273 3.23891e-09
274 3.23891e-09
275 3.23891e-09
276 2.95225e-09
277 2.95225e-09
278 2.74049e-09
279 2.74049e-09
280 2.74048e-09
281 2.74048e-09
282 2.74048e-09
283 2.74048e-09
284 2.74048e-09
285 2.63685e-09
286 2.5834e-09
287 2.08557e-09
288 5.8294e-10
289 1.37977e-10
290 1.37977e-10
291 1.37977e-10
292 1.37977e-10
293 1.37977e-10
294 1.37977e-10
295 5.95652e-11
296 5.95652e-11
297 5.95652e-11
298 5.95652e-11
299 5.95652e-11
300 5.95652e-11
301 5.95652e-11
302 5.95652e-11
303 5.95652e-11
304 5.95652e-11
305 5.95652e-11
306 5.95652e-11
307 5.95652e-11
308 5.95652e-11
309 5.95652e-11
310 4.81966e-11
311 2.93316e-11
312 1.85598e-11
313 1.42681e-11
314 1.41118e-11
315 1.41118e-11
316 1.41118e-11
317 1.40301e-11
318 1.40301e-11
319 7.27995e-12
320 7.27995e-12
321 5.84466e-12
322 5.84466e-12
323 5.56044e-12
324 5.42899e-12
325 5.42899e-12
326 5.42899e-12
327 5.14477e-12
328 5.09859e-12
329 3.04867e-12
330 3.04867e-12
331 3.04867e-12
332 1.09468e-12
333 1.09468e-12
334 1.81632e-13
335 1.81632e-13
336 1.81632e-13
337 1.81632e-13
338 1.81632e-13
339 1.81632e-13
340 1.21236e-13
341 1.21236e-13
342 1.21236e-13
343 1.17684e-13
344 8.57092e-14
345 7.86038e-14
346 7.86038e-14
347 3.95239e-14
348 3.95239e-14
349 3.95239e-14
350 3.95239e-14
351 3.95239e-14
352 2.53131e-14
353 2.53131e-14
354 2.53131e-14
355 2.53131e-14
356 2.53131e-14
357 2.53131e-14
358 2.17604e-14
359 2.17604e-14
360 1.46549e-14
361 1.11022e-14
362 1.11022e-14
363 7.54952e-15
364 7.54952e-15
365 7.54952e-15
366 7.54952e-15
367 7.54952e-15
368 7.54952e-15
369 7.54952e-15
370 3.9968e-15
371 3.9968e-15
372 3.9968e-15
373 3.9968e-15
374 3.9968e-15
375 3.9968e-15
376 3.9968e-15
377 3.9968e-15
378 4.44089e-16
379 4.44089e-16
380 4.44089e-16
381 4.44089e-16
382 4.44089e-16
383 4.44089e-16
384 4.44089e-16
385 4.44089e-16
386 4.44089e-16
387 4.44089e-16
388 4.44089e-16
389 4.44089e-16
390 4.44089e-16
391 4.44089e-16
392 4.44089e-16
393 4.44089e-16
394 4.44089e-16
395 4.44089e-16
396 4.44089e-16
397 4.44089e-16
398 4.44089e-16
399 4.44089e-16
400 4.44089e-16
401 4.44089e-16
402 4.44089e-16
403 4.44089e-16
404 4.44089e-16
405 4.44089e-16
406 4.44089e-16
407 4.44089e-16
408 4.44089e-16
409 4.44089e-16
410 4.44089e-16
411 4.44089e-16
412 4.44089e-16
413 4.44089e-16
414 4.44089e-16
415 4.44089e-16
416 4.44089e-16
417 4.44089e-16
418 4.44089e-16
419 4.44089e-16
420 4.44089e-16
421 4.44089e-16
422 4.44089e-16
423 4.44089e-16
424 4.44089e-16
425 4.44089e-16
426 4.44089e-16
427 4.44089e-16
428 4.44089e-16
429 4.44089e-16
430 4.44089e-16
431 4.44089e-16
432 4.44089e-16
433 4.44089e-16
434 4.44089e-16
435 4.44089e-16
436 4.44089e-16
437 4.44089e-16
438 4.44089e-16
439 4.44089e-16
440 4.44089e-16
441 4.44089e-16
442 4.44089e-16
443 4.44089e-16
444 4.44089e-16
445 4.44089e-16
446 4.44089e-16
447 4.44089e-16
448 4.44089e-16
449 4.44089e-16
450 4.44089e-16
451 4.44089e-16
452 4.44089e-16
453 4.44089e-16
454 4.44089e-16
455 4.44089e-16
456 4.44089e-16
457 4.44089e-16
458 4.44089e-16
459 4.44089e-16
460 4.44089e-16
461 4.44089e-16
462 4.44089e-16
463 4.44089e-16
464 4.44089e-16
465 4.44089e-16
466 4.44089e-16
467 4.44089e-16
468 4.44089e-16
469 4.44089e-16
470 4.44089e-16
471 4.44089e-16
472 4.44089e-16
473 4.44089e-16
474 4.44089e-16
475 4.44089e-16
476 4.44089e-16
477 4.44089e-16
478 4.44089e-16
479 4.44089e-16
480 4.44089e-16
481 4.44089e-16
482 4.44089e-16
483 4.44089e-16
484 4.44089e-16
485 4.44089e-16
486 4.44089e-16
487 4.44089e-16
488 4.44089e-16
489 4.44089e-16
490 4.44089e-16
491 4.44089e-16
492 4.44089e-16
493 4.44089e-16
494 4.44089e-16
495 4.44089e-16
496 4.44089e-16
497 4.44089e-16
498 4.44089e-16
499 4.44089e-16
500 4.44089e-16
501 4.44089e-16
502 4.44089e-16
503 4.44089e-16
504 4.44089e-16
505 4.44089e-16
506 4.44089e-16
507 4.44089e-16
508 4.44089e-16
509 4.44089e-16
510 4.44089e-16
511 4.44089e-16
512 4.44089e-16
513 4.44089e-16
514 4.44089e-16
515 4.44089e-16
516 4.44089e-16
517 4.44089e-16
518 4.44089e-16
519 4.44089e-16
520 4.44089e-16
521 4.44089e-16
522 4.44089e-16
523 4.44089e-16
524 4.44089e-16
525 4.44089e-16
526 4.44089e-16
527 4.44089e-16
528 4.44089e-16
529 4.44089e-16
530 4.44089e-16
531 4.44089e-16
532 4.44089e-16
533 4.44089e-16
534 4.44089e-16
535 4.44089e-16
536 4.44089e-16
537 4.44089e-16
538 4.44089e-16
539 4.44089e-16
540 4.44089e-16
541 4.44089e-16
542 4.44089e-16
543 4.44089e-16
544 4.44089e-16
545 4.44089e-16
546 4.44089e-16
547 4.44089e-16
548 4.44089e-16
549 4.44089e-16
550 4.44089e-16
551 4.44089e-16
552 4.44089e-16
553 4.44089e-16
554 4.44089e-16
555 4.44089e-16
556 4.44089e-16
557 4.44089e-16
558 4.44089e-16
559 4.44089e-16
560 4.44089e-16
561 4.44089e-16
562 4.44089e-16
563 4.44089e-16
564 4.44089e-16
565 4.44089e-16
566 4.44089e-16
567 4.44089e-16
568 4.44089e-16
569 4.44089e-16
570 4.44089e-16
571 4.44089e-16
572 4.44089e-16
573 4.44089e-16
574 4.44089e-16
575 4.44089e-16
576 4.44089e-16
577 4.44089e-16
578 4.44089e-16
579 4.44089e-16
580 4.44089e-16
581 4.44089e-16
582 4.44089e-16
583 4.44089e-16
584 4.44089e-16
585 4.44089e-16
586 4.44089e-16
587 4.44089e-16
588 4.44089e-16
589 4.44089e-16
590 4.44089e-16
591 4.44089e-16
592 4.44089e-16
593 4.44089e-16
594 4.44089e-16
595 4.44089e-16
596 4.44089e-16
597 4.44089e-16
598 4.44089e-16
599 4.44089e-16
600 4.44089e-16
601 4.44089e-16
602 4.44089e-16
603 4.44089e-16
604 4.44089e-16
605 4.44089e-16
606 4.44089e-16
607 4.44089e-16
608 4.44089e-16
609 4.44089e-16
610 4.44089e-16
611 4.44089e-16
612 4.44089e-16
613 4.44089e-16
614 4.44089e-16
615 4.44089e-16
616 4.44089e-16
617 4.44089e-16
618 4.44089e-16
619 4.44089e-16
620 4.44089e-16
621 4.44089e-16
622 4.44089e-16
623 4.44089e-16
624 4.44089e-16
625 4.44089e-16
626 4.44089e-16
627 4.44089e-16
628 4.44089e-16
629 4.44089e-16
630 4.44089e-16
631 4.44089e-16
632 4.44089e-16
633 4.44089e-16
634 4.44089e-16
635 4.44089e-16
636 4.44089e-16
637 4.44089e-16
638 4.44089e-16
639 4.44089e-16
640 4.44089e-16
641 4.44089e-16
642 4.44089e-16
643 4.44089e-16
644 4.44089e-16
645 4.44089e-16
646 4.44089e-16
647 4.44089e-16
648 4.44089e-16
649 4.44089e-16
650 4.44089e-16
651 4.44089e-16
652 4.44089e-16
653 4.44089e-16
654 4.44089e-16
655 4.44089e-16
656 4.44089e-16
657 4.44089e-16
658 4.44089e-16
659 4.44089e-16
660 4.44089e-16
661 4.44089e-16
662 4.44089e-16
663 4.44089e-16
664 4.44089e-16
665 4.44089e-16
666 4.44089e-16
