0 6.90746
1 6.90746
2 6.90746
3 6.90746
4 6.90746
5 6.90746
6 6.10019
7 5.68992
8 5.68992
9 3.08032
10 3.08032
11 3.08032
12 3.08032
13 3.08032
14 3.08032
15 3.08032
16 3.08032
17 3.08032
18 3.08032
19 3.08032
20 3.08032
21 3.08032
22 3.08032
23 3.08032
24 3.08032
25 3.08032
26 3.08032
27 3.03131
28 3.03131
29 3.03131
30 3.03131
31 2.72926
32 2.72926
33 0.40897
34 0.40897
35 0.40897
36 0.40897
37 0.40897
38 0.40897
39 0.40897
40 0.40897
41 0.40897
42 0.40897
43 0.40897
44 0.40897
45 0.40897
46 0.40897
47 0.116884
48 0.116884
49 0.116884
50 0.116884
51 0.116884
52 0.116884
53 0.116884
54 0.116884
55 0.116884
56 0.116884
57 0.116884
58 0.116884
59 0.116884
60 0.116884
61 0.116884
62 0.116884
63 0.116884
64 0.116884
65 0.116884
66 0.116884
67 0.116884
68 0.116884
69 0.116884
70 0.116884
71 0.116884
72 0.116884
73 0.116884
74 0.116884
75 0.116884
76 0.116884
77 0.116884
78 0.116884
79 0.116884
80 0.116884
81 0.116884
82 0.116884
83 0.116884
84 0.116884
85 0.116884
86 0.116884
87 0.116884
88 0.116884
89 0.116884
90 0.116884
91 0.116884
92 0.116884
93 0.116884
94 0.116884
95 0.116884
96 0.116884
97 0.0912354
98 0.0912354
99 0.0912354
100 0.0912354
101 0.0912354
102 0.0912354
103 0.0912354
104 0.0912354
105 0.0912354
106 0.0912354
107 0.0702525
108 0.0182994
109 0.0182994
110 0.0182994
111 0.0182994
112 0.0182994
113 0.0182994
114 0.0182994
115 0.0182994
116 0.0182994
117 0.0182994
118 0.00605667
119 0.00605667
120 0.00605667
121 0.00605667
122 0.00605667
123 0.00605667
124 0.00605667
125 0.00605667
126 0.00605667
127 0.00605667
128 0.00605667
129 0.00605667
130 0.00605667
131 0.00605667
132 0.00605667
133 0.00605667
134 0.00605667
135 0.00605667
136 0.00605667
137 0.00605667
138 0.00605667
139 0.00605667
140 0.00605667
141 0.00529687
142 0.00529687
143 0.00105563
144 0.00105563
145 0.00105563
146 0.00105563
147 0.00105563
148 0.00105563
149 0.00105563
150 0.00105563
151 0.00105563
152 0.00105563
153 0.00105563
154 0.00105563
155 0.00105563
156 0.00105563
157 0.00105563
158 0.00105563
159 0.00090085
160 0.00090085
161 0.00090085
162 0.00090085
163 0.000534358
164 0.000534358
165 0.000534358
166 0.000534358
167 0.000411233
168 0.000411233
169 0.000411233
170 0.000224921
171 0.000224921
172 0.000224921
173 0.000224921
174 0.000224921
175 0.000224921
176 0.000224921
177 0.000224921
178 0.000224921
179 0.000224921
180 0.000224921
181 0.000105842
182 0.000105842
183 0.000105842
184 0.000105842
185 0.000105842
186 0.000105842
187 0.000105842
188 0.000105842
189 0.000105842
190 0.000105842
191 0.000105842
192 0.000105842
193 0.000105842
194 0.000105842
195 0.000105842
196 0.000105842
197 6.88917e-05
198 6.88917e-05
199 6.88917e-05
200 6.88917e-05
201 6.88917e-05
202 6.88917e-05
203 3.4603e-05
204 3.4603e-05
205 1.24262e-05
206 1.24262e-05
207 1.24262e-05
208 1.24262e-05
209 1.24262e-05
210 1.24262e-05
211 1.24262e-05
212 1.24262e-05
213 1.24262e-05
214 1.24262e-05
215 1.2408e-05
216 1.2408e-05
217 1.2408e-05
218 1.2408e-05
219 1.0718e-05
220 1.0718e-05
221 1.0718e-05
222 1.0718e-05
223 1.0718e-05
224 9.80249e-06
225 8.08087e-06
226 7.66501e-06
227 7.66501e-06
228 7.66501e-06
229 7.66501e-06
230 7.63269e-06
231 7.54447e-06
232 7.48174e-06
233 7.43696e-06
234 6.63757e-06
235 6.63757e-06
236 6.52966e-06
237 6.1936e-06
238 1.43204e-06
239 1.43204e-06
240 1.43204e-06
241 1.38429e-06
242 8.99311e-07
243 4.05992e-07
244 4.05992e-07
245 4.05992e-07
246 4.05992e-07
247 4.05992e-07
248 3.31666e-07
249 3.14467e-07
250 3.14467e-07
251 3.14467e-07
252 1.60488e-07
253 1.60488e-07
254 1.60488e-07
255 1.13547e-07
256 1.29644e-08
257 1.29644e-08
258 1.29644e-08
259 1.29644e-08
260 1.29644e-08
261 1.29644e-08
262 9.5933e-09
263 9.5933e-09
264 9.5933e-09
265 9.5933e-09
266 9.5933e-09
267 9.5933e-09
268 9.02308e-09
269 9.02308e-09
270 9.02308e-09
271 9.02308e-09
272 9.02308e-09
273 7.7084e-09
274 5.09382e-09
275 5.09382e-09
276 5.09382e-09
277 1.4402e-10
278 1.4402e-10
279 1.4402e-10
280 1.4402e-10
281 1.4402e-10
282 1.4402e-10
283 1.4402e-10
284 1.4402e-10
285 1.4402e-10
286 1.4402e-10
287 1.4402e-10
288 1.4402e-10
289 1.4402e-10
290 1.4402e-10
291 1.4402e-10
292 1.4402e-10
293 1.4402e-10
294 1.4402e-10
295 1.4402e-10
296 1.4402e-10
297 1.4402e-10
298 1.4402e-10
299 1.4402e-10
300 1.4402e-10
301 1.4402e-10
302 1.4402e-10
303 1.4402e-10
304 1.40521e-10
305 1.40521e-10
306 6.00839e-11
307 6.00839e-11
308 6.00839e-11
309 6.00839e-11
310 6.00839e-11
311 6.00839e-11
312 6.00839e-11
313 6.00839e-11
314 6.00839e-11
315 6.00839e-11
316 6.00839e-11
317 5.27978e-12
318 5.27978e-12
319 5.27978e-12
320 5.27978e-12
321 5.27978e-12
322 5.27978e-12
323 5.27978e-12
324 5.27978e-12
325 5.27978e-12
326 5.27978e-12
327 5.27978e-12
328 5.27978e-12
329 5.27978e-12
330 5.27978e-12
331 5.27978e-12
332 5.09859e-12
333 2.16049e-12
334 2.16049e-12
335 2.16049e-12
336 2.16049e-12
337 8.24674e-13
338 8.14016e-13
339 8.14016e-13
340 9.28146e-14
341 9.28146e-14
342 9.28146e-14
343 9.28146e-14
344 9.28146e-14
345 9.28146e-14
346 9.28146e-14
347 9.28146e-14
348 9.28146e-14
349 9.28146e-14
350 7.50511e-14
351 7.50511e-14
352 6.79456e-14
353 6.79456e-14
354 6.79456e-14
355 6.79456e-14
356 6.79456e-14
357 6.79456e-14
358 6.79456e-14
359 5.01821e-14
360 5.01821e-14
361 2.17604e-14
362 2.17604e-14
363 2.17604e-14
364 2.17604e-14
365 2.17604e-14
366 2.17604e-14
367 3.9968e-15
368 3.9968e-15
369 3.9968e-15
370 3.9968e-15
371 3.9968e-15
372 3.9968e-15
373 3.9968e-15
374 3.9968e-15
375 3.9968e-15
376 3.9968e-15
377 3.9968e-15
378 3.9968e-15
379 3.9968e-15
380 3.9968e-15
381 3.9968e-15
382 4.44089e-16
383 4.44089e-16
384 4.44089e-16
385 4.44089e-16
386 4.44089e-16
387 4.44089e-16
388 4.44089e-16
389 4.44089e-16
390 4.44089e-16
391 4.44089e-16
392 4.44089e-16
393 4.44089e-16
394 4.44089e-16
395 4.44089e-16
396 4.44089e-16
397 4.44089e-16
398 4.44089e-16
399 4.44089e-16
400 4.44089e-16
401 4.44089e-16
402 4.44089e-16
403 4.44089e-16
404 4.44089e-16
405 4.44089e-16
406 4.44089e-16
407 4.44089e-16
408 4.44089e-16
409 4.44089e-16
410 4.44089e-16
411 4.44089e-16
412 4.44089e-16
413 4.44089e-16
414 4.44089e-16
415 4.44089e-16
416 4.44089e-16
417 4.44089e-16
418 4.44089e-16
419 4.44089e-16
420 4.44089e-16
421 4.44089e-16
422 4.44089e-16
423 4.44089e-16
424 4.44089e-16
425 4.44089e-16
426 4.44089e-16
427 4.44089e-16
428 4.44089e-16
429 4.44089e-16
430 4.44089e-16
431 4.44089e-16
432 4.44089e-16
433 4.44089e-16
434 4.44089e-16
435 4.44089e-16
436 4.44089e-16
437 4.44089e-16
438 4.44089e-16
439 4.44089e-16
440 4.44089e-16
441 4.44089e-16
442 4.44089e-16
443 4.44089e-16
444 4.44089e-16
445 4.44089e-16
446 4.44089e-16
447 4.44089e-16
448 4.44089e-16
449 4.44089e-16
450 4.44089e-16
451 4.44089e-16
452 4.44089e-16
453 4.44089e-16
454 4.44089e-16
455 4.44089e-16
456 4.44089e-16
457 4.44089e-16
458 4.44089e-16
459 4.44089e-16
460 4.44089e-16
461 4.44089e-16
462 4.44089e-16
463 4.44089e-16
464 4.44089e-16
465 4.44089e-16
466 4.44089e-16
467 4.44089e-16
468 4.44089e-16
469 4.44089e-16
470 4.44089e-16
471 4.44089e-16
472 4.44089e-16
473 4.44089e-16
474 4.44089e-16
475 4.44089e-16
476 4.44089e-16
477 4.44089e-16
478 4.44089e-16
479 4.44089e-16
480 4.44089e-16
481 4.44089e-16
482 4.44089e-16
483 4.44089e-16
484 4.44089e-16
485 4.44089e-16
486 4.44089e-16
487 4.44089e-16
488 4.44089e-16
489 4.44089e-16
490 4.44089e-16
491 4.44089e-16
492 4.44089e-16
493 4.44089e-16
494 4.44089e-16
495 4.44089e-16
496 4.44089e-16
497 4.44089e-16
498 4.44089e-16
499 4.44089e-16
500 4.44089e-16
501 4.44089e-16
502 4.44089e-16
503 4.44089e-16
504 4.44089e-16
505 4.44089e-16
506 4.44089e-16
507 4.44089e-16
508 4.44089e-16
509 4.44089e-16
510 4.44089e-16
511 4.44089e-16
512 4.44089e-16
513 4.44089e-16
514 4.44089e-16
515 4.44089e-16
516 4.44089e-16
517 4.44089e-16
518 4.44089e-16
519 4.44089e-16
520 4.44089e-16
521 4.44089e-16
522 4.44089e-16
523 4.44089e-16
524 4.44089e-16
525 4.44089e-16
526 4.44089e-16
527 4.44089e-16
528 4.44089e-16
529 4.44089e-16
530 4.44089e-16
531 4.44089e-16
532 4.44089e-16
533 4.44089e-16
534 4.44089e-16
535 4.44089e-16
536 4.44089e-16
537 4.44089e-16
538 4.44089e-16
539 4.44089e-16
540 4.44089e-16
541 4.44089e-16
542 4.44089e-16
543 4.44089e-16
544 4.44089e-16
545 4.44089e-16
546 4.44089e-16
547 4.44089e-16
548 4.44089e-16
549 4.44089e-16
550 4.44089e-16
551 4.44089e-16
552 4.44089e-16
553 4.44089e-16
554 4.44089e-16
555 4.44089e-16
556 4.44089e-16
557 4.44089e-16
558 4.44089e-16
559 4.44089e-16
560 4.44089e-16
561 4.44089e-16
562 4.44089e-16
563 4.44089e-16
564 4.44089e-16
565 4.44089e-16
566 4.44089e-16
567 4.44089e-16
568 4.44089e-16
569 4.44089e-16
570 4.44089e-16
571 4.44089e-16
572 4.44089e-16
573 4.44089e-16
574 4.44089e-16
575 4.44089e-16
576 4.44089e-16
577 4.44089e-16
578 4.44089e-16
579 4.44089e-16
580 4.44089e-16
581 4.44089e-16
582 4.44089e-16
583 4.44089e-16
584 4.44089e-16
585 4.44089e-16
586 4.44089e-16
587 4.44089e-16
588 4.44089e-16
589 4.44089e-16
590 4.44089e-16
591 4.44089e-16
592 4.44089e-16
593 4.44089e-16
594 4.44089e-16
595 4.44089e-16
596 4.44089e-16
597 4.44089e-16
598 4.44089e-16
599 4.44089e-16
600 4.44089e-16
601 4.44089e-16
602 4.44089e-16
603 4.44089e-16
604 4.44089e-16
605 4.44089e-16
606 4.44089e-16
607 4.44089e-16
608 4.44089e-16
609 4.44089e-16
610 4.44089e-16
611 4.44089e-16
612 4.44089e-16
613 4.44089e-16
614 4.44089e-16
615 4.44089e-16
616 4.44089e-16
617 4.44089e-16
618 4.44089e-16
619 4.44089e-16
620 4.44089e-16
621 4.44089e-16
622 4.44089e-16
623 4.44089e-16
624 4.44089e-16
625 4.44089e-16
626 4.44089e-16
627 4.44089e-16
628 4.44089e-16
629 4.44089e-16
630 4.44089e-16
631 4.44089e-16
632 4.44089e-16
633 4.44089e-16
634 4.44089e-16
635 4.44089e-16
636 4.44089e-16
637 4.44089e-16
638 4.44089e-16
639 4.44089e-16
640 4.44089e-16
641 4.44089e-16
642 4.44089e-16
643 4.44089e-16
644 4.44089e-16
645 4.44089e-16
646 4.44089e-16
647 4.44089e-16
648 4.44089e-16
649 4.44089e-16
650 4.44089e-16
651 4.44089e-16
652 4.44089e-16
653 4.44089e-16
654 4.44089e-16
655 4.44089e-16
656 4.44089e-16
657 4.44089e-16
658 4.44089e-16
659 4.44089e-16
660 4.44089e-16
661 4.44089e-16
662 4.44089e-16
663 4.44089e-16
664 4.44089e-16
665 4.44089e-16
666 4.44089e-16
