0 10.3088
1 10.3088
2 2.5958
3 2.5958
4 2.5958
5 2.5958
6 2.5958
7 2.5958
8 2.5958
9 2.5958
10 2.5958
11 2.5958
12 2.5958
13 2.5958
14 2.5958
15 2.5958
16 2.5958
17 2.5958
18 2.5958
19 2.5958
20 2.5958
21 2.5958
22 2.5958
23 2.5958
24 2.5958
25 2.5958
26 2.5958
27 2.5958
28 2.5958
29 2.5958
30 2.5958
31 2.5958
32 2.5958
33 2.5958
34 2.5958
35 2.5958
36 2.5958
37 2.5958
38 2.5958
39 2.5958
40 2.5958
41 1.69854
42 1.69854
43 1.69854
44 1.01625
45 1.01625
46 1.01625
47 0.951952
48 0.951952
49 0.951952
50 0.951952
51 0.951952
52 0.951952
53 0.951952
54 0.951952
55 0.951952
56 0.951952
57 0.951952
58 0.951952
59 0.656624
60 0.367528
61 0.367528
62 0.367528
63 0.367528
64 0.367528
65 0.367528
66 0.367528
67 0.367528
68 0.367528
69 0.367528
70 0.367528
71 0.367528
72 0.367528
73 0.367528
74 0.367528
75 0.294804
76 0.294804
77 0.294804
78 0.294804
79 0.294804
80 0.0196269
81 0.0196269
82 0.0196269
83 0.0196269
84 0.0196269
85 0.0196269
86 0.0196269
87 0.0196269
88 0.0196269
89 0.0196269
90 0.0196269
91 0.0196269
92 0.0196269
93 0.0196269
94 0.0196269
95 0.0196269
96 0.0196269
97 0.0167332
98 0.0167332
99 0.0167332
100 0.0167332
101 0.0167332
102 0.0167332
103 0.0167332
104 0.0167332
105 0.0167332
106 0.0167332
107 0.0167332
108 0.014249
109 0.014249
110 0.014249
111 0.014249
112 0.014249
113 0.014249
114 0.014249
115 0.014249
116 0.0133771
117 0.0133771
118 0.0120702
119 0.0117607
120 0.0117607
121 0.0117607
122 0.0102919
123 0.0102919
124 0.0102919
125 0.0102542
126 0.0102542
127 0.0102542
128 0.0102542
129 0.0100504
130 0.00656097
131 0.0056275
132 0.00331351
133 0.00325994
134 0.00325994
135 0.00325994
136 0.00207181
137 0.00186614
138 0.00186614
139 0.00186614
140 0.00186614
141 0.00186614
142 0.00169634
143 0.00152649
144 0.00152649
145 0.00152649
146 0.000337584
147 0.000337584
148 0.000337584
149 0.000337584
150 0.000337584
151 0.000337584
152 0.000337584
153 0.000337584
154 0.000337584
155 0.000337584
156 0.000337584
157 0.000337584
158 0.000337584
159 0.000337584
160 0.000337584
161 0.000337584
162 0.000225134
163 0.000225134
164 0.000225134
165 0.000225134
166 0.000225134
167 0.000225134
168 0.000225134
169 0.000225134
170 0.000225134
171 0.000225134
172 0.000225134
173 0.000225134
174 0.000225134
175 0.000225134
176 0.000225134
177 0.000225134
178 0.000175318
179 9.12938e-05
180 8.89529e-05
181 8.89529e-05
182 8.89529e-05
183 8.89529e-05
184 8.89529e-05
185 8.89529e-05
186 8.89529e-05
187 8.89529e-05
188 7.15848e-05
189 7.15848e-05
190 7.15848e-05
191 6.55714e-05
192 6.55714e-05
193 6.55714e-05
194 6.55714e-05
195 6.55714e-05
196 6.55714e-05
197 5.69961e-05
198 4.92829e-05
199 4.92829e-05
200 4.92829e-05
201 4.92829e-05
202 4.92829e-05
203 4.42622e-05
204 4.42622e-05
205 3.86429e-05
206 3.86429e-05
207 3.86429e-05
208 3.86429e-05
209 3.76886e-05
210 1.35136e-05
211 1.35136e-05
212 1.19217e-05
213 1.19217e-05
214 1.19217e-05
215 1.19217e-05
216 1.19217e-05
217 1.19217e-05
218 1.19217e-05
219 1.19217e-05
220 9.13878e-06
221 9.13878e-06
222 9.13878e-06
223 9.13878e-06
224 9.13878e-06
225 9.13878e-06
226 4.66503e-06
227 4.66503e-06
228 4.66503e-06
229 4.66503e-06
230 4.66503e-06
231 4.66503e-06
232 4.66503e-06
233 4.66503e-06
234 4.66503e-06
235 4.60689e-06
236 2.58993e-06
237 2.58993e-06
238 2.58993e-06
239 2.58993e-06
240 2.52956e-06
241 2.23531e-06
242 1.1336e-06
243 1.1336e-06
244 5.65926e-07
245 5.65926e-07
246 5.65926e-07
247 5.65926e-07
248 5.65926e-07
249 5.65926e-07
250 5.65926e-07
251 5.61858e-07
252 2.97515e-07
253 1.84511e-07
254 1.84511e-07
255 1.68075e-07
256 1.68038e-07
257 1.68038e-07
258 1.68038e-07
259 1.54271e-07
260 1.43655e-07
261 1.36457e-07
262 1.31556e-07
263 1.28201e-07
264 1.25895e-07
265 7.03472e-08
266 7.03472e-08
267 7.03472e-08
268 2.74985e-08
269 2.74985e-08
270 2.74985e-08
271 2.74985e-08
272 2.74985e-08
273 2.74985e-08
274 2.74985e-08
275 1.68015e-08
276 1.68015e-08
277 1.6467e-08
278 1.6467e-08
279 1.42615e-08
280 1.42615e-08
281 1.42615e-08
282 1.42615e-08
283 1.32645e-08
284 1.13251e-08
285 1.00979e-08
286 6.38338e-09
287 6.38338e-09
288 5.60436e-09
289 5.00953e-09
290 4.84049e-09
291 4.84049e-09
292 2.98274e-09
293 1.7095e-09
294 1.7095e-09
295 1.7095e-09
296 1.7095e-09
297 1.7095e-09
298 5.02642e-10
299 5.02642e-10
300 5.02642e-10
301 5.02642e-10
302 5.02642e-10
303 5.02642e-10
304 3.90412e-10
305 3.90412e-10
306 2.07166e-10
307 2.07166e-10
308 2.07166e-10
309 2.07166e-10
310 2.07166e-10
311 2.07166e-10
312 1.94202e-10
313 7.07954e-11
314 7.07954e-11
315 5.02394e-11
316 3.99369e-12
317 3.99369e-12
318 3.99369e-12
319 3.99369e-12
320 3.99369e-12
321 3.99369e-12
322 2.57971e-12
323 2.57971e-12
324 2.57971e-12
325 2.57971e-12
326 1.88694e-12
327 1.88694e-12
328 1.88694e-12
329 1.88694e-12
330 1.73417e-12
331 1.73417e-12
332 1.44285e-12
333 1.30074e-12
334 1.30074e-12
335 1.02363e-12
336 6.39933e-13
337 4.01901e-13
338 2.7045e-13
339 2.13607e-13
340 1.99396e-13
341 1.99396e-13
342 1.99396e-13
343 1.99396e-13
344 1.99396e-13
345 1.99396e-13
346 1.99396e-13
347 1.99396e-13
348 1.99396e-13
349 1.99396e-13
350 1.99396e-13
351 1.99396e-13
352 1.99396e-13
353 1.99396e-13
354 1.99396e-13
355 1.99396e-13
356 1.99396e-13
357 1.99396e-13
358 1.99396e-13
359 1.99396e-13
360 1.99396e-13
361 1.99396e-13
362 1.99396e-13
363 1.99396e-13
364 3.24185e-14
365 1.46549e-14
366 1.46549e-14
367 1.46549e-14
368 1.46549e-14
369 1.46549e-14
370 1.46549e-14
371 1.46549e-14
372 1.11022e-14
373 1.11022e-14
374 1.11022e-14
375 1.11022e-14
376 1.11022e-14
377 1.11022e-14
378 3.9968e-15
379 3.9968e-15
380 3.9968e-15
381 3.9968e-15
382 3.9968e-15
383 3.9968e-15
384 3.9968e-15
385 3.9968e-15
386 3.9968e-15
387 3.9968e-15
388 3.9968e-15
389 3.9968e-15
390 3.9968e-15
391 3.9968e-15
392 3.9968e-15
393 3.9968e-15
394 3.9968e-15
395 3.9968e-15
396 3.9968e-15
397 3.9968e-15
398 3.9968e-15
399 3.9968e-15
400 3.9968e-15
401 3.9968e-15
402 3.9968e-15
403 4.44089e-16
404 4.44089e-16
405 4.44089e-16
406 4.44089e-16
407 4.44089e-16
408 4.44089e-16
409 4.44089e-16
410 4.44089e-16
411 4.44089e-16
412 4.44089e-16
413 4.44089e-16
414 4.44089e-16
415 4.44089e-16
416 4.44089e-16
417 4.44089e-16
418 4.44089e-16
419 4.44089e-16
420 4.44089e-16
421 4.44089e-16
422 4.44089e-16
423 4.44089e-16
424 4.44089e-16
425 4.44089e-16
426 4.44089e-16
427 4.44089e-16
428 4.44089e-16
429 4.44089e-16
430 4.44089e-16
431 4.44089e-16
432 4.44089e-16
433 4.44089e-16
434 4.44089e-16
435 4.44089e-16
436 4.44089e-16
437 4.44089e-16
438 4.44089e-16
439 4.44089e-16
440 4.44089e-16
441 4.44089e-16
442 4.44089e-16
443 4.44089e-16
444 4.44089e-16
445 4.44089e-16
446 4.44089e-16
447 4.44089e-16
448 4.44089e-16
449 4.44089e-16
450 4.44089e-16
451 4.44089e-16
452 4.44089e-16
453 4.44089e-16
454 4.44089e-16
455 4.44089e-16
456 4.44089e-16
457 4.44089e-16
458 4.44089e-16
459 4.44089e-16
460 4.44089e-16
461 4.44089e-16
462 4.44089e-16
463 4.44089e-16
464 4.44089e-16
465 4.44089e-16
466 4.44089e-16
467 4.44089e-16
468 4.44089e-16
469 4.44089e-16
470 4.44089e-16
471 4.44089e-16
472 4.44089e-16
473 4.44089e-16
474 4.44089e-16
475 4.44089e-16
476 4.44089e-16
477 4.44089e-16
478 4.44089e-16
479 4.44089e-16
480 4.44089e-16
481 4.44089e-16
482 4.44089e-16
483 4.44089e-16
484 4.44089e-16
485 4.44089e-16
486 4.44089e-16
487 4.44089e-16
488 4.44089e-16
489 4.44089e-16
490 4.44089e-16
491 4.44089e-16
492 4.44089e-16
493 4.44089e-16
494 4.44089e-16
495 4.44089e-16
496 4.44089e-16
497 4.44089e-16
498 4.44089e-16
499 4.44089e-16
500 4.44089e-16
501 4.44089e-16
502 4.44089e-16
503 4.44089e-16
504 4.44089e-16
505 4.44089e-16
506 4.44089e-16
507 4.44089e-16
508 4.44089e-16
509 4.44089e-16
510 4.44089e-16
511 4.44089e-16
512 4.44089e-16
513 4.44089e-16
514 4.44089e-16
515 4.44089e-16
516 4.44089e-16
517 4.44089e-16
518 4.44089e-16
519 4.44089e-16
520 4.44089e-16
521 4.44089e-16
522 4.44089e-16
523 4.44089e-16
524 4.44089e-16
525 4.44089e-16
526 4.44089e-16
527 4.44089e-16
528 4.44089e-16
529 4.44089e-16
530 4.44089e-16
531 4.44089e-16
532 4.44089e-16
533 4.44089e-16
534 4.44089e-16
535 4.44089e-16
536 4.44089e-16
537 4.44089e-16
538 4.44089e-16
539 4.44089e-16
540 4.44089e-16
541 4.44089e-16
542 4.44089e-16
543 4.44089e-16
544 4.44089e-16
545 4.44089e-16
546 4.44089e-16
547 4.44089e-16
548 4.44089e-16
549 4.44089e-16
550 4.44089e-16
551 4.44089e-16
552 4.44089e-16
553 4.44089e-16
554 4.44089e-16
555 4.44089e-16
556 4.44089e-16
557 4.44089e-16
558 4.44089e-16
559 4.44089e-16
560 4.44089e-16
561 4.44089e-16
562 4.44089e-16
563 4.44089e-16
564 4.44089e-16
565 4.44089e-16
566 4.44089e-16
567 4.44089e-16
568 4.44089e-16
569 4.44089e-16
570 4.44089e-16
571 4.44089e-16
572 4.44089e-16
573 4.44089e-16
574 4.44089e-16
575 4.44089e-16
576 4.44089e-16
577 4.44089e-16
578 4.44089e-16
579 4.44089e-16
580 4.44089e-16
581 4.44089e-16
582 4.44089e-16
583 4.44089e-16
584 4.44089e-16
585 4.44089e-16
586 4.44089e-16
587 4.44089e-16
588 4.44089e-16
589 4.44089e-16
590 4.44089e-16
591 4.44089e-16
592 4.44089e-16
593 4.44089e-16
594 4.44089e-16
595 4.44089e-16
596 4.44089e-16
597 4.44089e-16
598 4.44089e-16
599 4.44089e-16
600 4.44089e-16
601 4.44089e-16
602 4.44089e-16
603 4.44089e-16
604 4.44089e-16
605 4.44089e-16
606 4.44089e-16
607 4.44089e-16
608 4.44089e-16
609 4.44089e-16
610 4.44089e-16
611 4.44089e-16
612 4.44089e-16
613 4.44089e-16
614 4.44089e-16
615 4.44089e-16
616 4.44089e-16
617 4.44089e-16
618 4.44089e-16
619 4.44089e-16
620 4.44089e-16
621 4.44089e-16
622 4.44089e-16
623 4.44089e-16
624 4.44089e-16
625 4.44089e-16
626 4.44089e-16
627 4.44089e-16
628 4.44089e-16
629 4.44089e-16
630 4.44089e-16
631 4.44089e-16
632 4.44089e-16
633 4.44089e-16
634 4.44089e-16
635 4.44089e-16
636 4.44089e-16
637 4.44089e-16
638 4.44089e-16
639 4.44089e-16
640 4.44089e-16
641 4.44089e-16
642 4.44089e-16
643 4.44089e-16
644 4.44089e-16
645 4.44089e-16
646 4.44089e-16
647 4.44089e-16
648 4.44089e-16
649 4.44089e-16
650 4.44089e-16
651 4.44089e-16
652 4.44089e-16
653 4.44089e-16
654 4.44089e-16
655 4.44089e-16
656 4.44089e-16
657 4.44089e-16
658 4.44089e-16
659 4.44089e-16
660 4.44089e-16
661 4.44089e-16
662 4.44089e-16
663 4.44089e-16
664 4.44089e-16
665 4.44089e-16
666 4.44089e-16
