0 10.3014
1 10.3014
2 8.46367
3 8.46367
4 8.46367
5 8.46367
6 8.35288
7 8.35288
8 3.2046
9 3.2046
10 3.2046
11 3.2046
12 3.2046
13 3.2046
14 3.2046
15 3.2046
16 3.2046
17 3.2046
18 3.2046
19 3.2046
20 3.2046
21 3.2046
22 0.409402
23 0.409402
24 0.409402
25 0.409402
26 0.409402
27 0.409402
28 0.409402
29 0.409402
30 0.409402
31 0.409402
32 0.409402
33 0.409402
34 0.409402
35 0.409402
36 0.409402
37 0.409402
38 0.409402
39 0.409402
40 0.409402
41 0.409402
42 0.409402
43 0.409402
44 0.409402
45 0.409402
46 0.409402
47 0.409402
48 0.409402
49 0.409402
50 0.409402
51 0.346309
52 0.346309
53 0.346309
54 0.346309
55 0.346309
56 0.271811
57 0.271811
58 0.271811
59 0.271811
60 0.271811
61 0.271811
62 0.271811
63 0.271811
64 0.271811
65 0.271811
66 0.271811
67 0.271811
68 0.271811
69 0.271811
70 0.271811
71 0.271811
72 0.271811
73 0.271811
74 0.271811
75 0.271811
76 0.271811
77 0.271811
78 0.271811
79 0.271811
80 0.271811
81 0.271811
82 0.271811
83 0.239047
84 0.239047
85 0.239047
86 0.239047
87 0.239047
88 0.0456781
89 0.0456781
90 0.0456781
91 0.0456781
92 0.0456781
93 0.0456781
94 0.0456781
95 0.0456781
96 0.0456781
97 0.0456781
98 0.0456781
99 0.0456781
100 0.0456781
101 0.0456781
102 0.0456781
103 0.0456781
104 0.0456781
105 0.0456781
106 0.0456781
107 0.0456781
108 0.0456781
109 0.0456781
110 0.0456781
111 0.0377232
112 0.027346
113 0.027346
114 0.027346
115 0.027346
116 0.027346
117 0.027346
118 0.027346
119 0.027346
120 0.027346
121 0.0264449
122 0.0264449
123 0.0264449
124 0.0264449
125 0.0264449
126 0.0264449
127 0.0264449
128 0.0209763
129 0.0209763
130 0.0209763
131 0.0209763
132 0.0209763
133 0.0209763
134 0.0209763
135 0.0209763
136 0.0178591
137 0.0168954
138 0.0168954
139 0.010836
140 0.010836
141 0.010836
142 0.010836
143 0.00355197
144 0.00355197
145 0.00255945
146 0.00255945
147 0.00255945
148 0.00255945
149 0.00174283
150 0.00174283
151 0.00174283
152 0.00174283
153 0.00174283
154 0.00174283
155 0.00174283
156 0.00174283
157 0.00174283
158 0.00174283
159 0.00174283
160 0.00174283
161 0.00174283
162 0.00174283
163 0.00174283
164 0.00174283
165 0.00174283
166 0.00174283
167 0.00174283
168 0.00174283
169 0.0015567
170 0.0015567
171 0.0015567
172 0.0015567
173 0.0015567
174 0.0015567
175 0.0015567
176 0.0015567
177 0.0015567
178 0.0015567
179 0.000961019
180 0.000961019
181 0.000463042
182 0.000463042
183 0.000463042
184 0.000463042
185 0.000463042
186 0.000463042
187 0.000358081
188 0.000358081
189 0.000358081
190 0.000358081
191 0.000346931
192 0.000311457
193 0.000311457
194 0.000311457
195 0.000249251
196 0.000249251
197 0.0002192
198 0.000111539
199 0.000111539
200 8.37648e-05
201 8.37648e-05
202 8.37648e-05
203 8.37648e-05
204 7.94602e-05
205 7.94602e-05
206 7.71632e-05
207 7.71632e-05
208 7.71632e-05
209 4.87226e-05
210 4.87226e-05
211 4.87226e-05
212 4.87226e-05
213 4.87226e-05
214 3.01756e-05
215 1.09843e-05
216 1.09843e-05
217 1.09843e-05
218 1.09843e-05
219 1.09843e-05
220 8.17871e-06
221 4.75195e-06
222 4.75195e-06
223 4.75195e-06
224 4.75195e-06
225 4.75195e-06
226 4.75195e-06
227 4.75195e-06
228 4.75195e-06
229 4.75195e-06
230 4.75195e-06
231 4.75195e-06
232 4.75195e-06
233 4.75195e-06
234 4.75195e-06
235 4.75195e-06
236 4.75195e-06
237 3.53991e-06
238 3.53991e-06
239 3.02824e-06
240 7.67662e-07
241 7.67662e-07
242 7.67662e-07
243 7.67662e-07
244 5.04785e-07
245 5.04785e-07
246 4.36508e-07
247 4.12892e-07
248 4.12892e-07
249 3.5536e-07
250 2.42821e-07
251 2.42821e-07
252 2.33167e-07
253 2.33167e-07
254 2.33167e-07
255 1.73054e-07
256 9.30453e-08
257 9.30453e-08
258 6.53048e-08
259 6.53048e-08
260 5.45352e-08
261 1.31256e-08
262 1.31256e-08
263 1.08462e-08
264 1.08462e-08
265 1.08462e-08
266 1.08462e-08
267 1.08462e-08
268 1.08462e-08
269 7.96243e-09
270 7.96243e-09
271 7.96243e-09
272 7.96243e-09
273 6.3418e-09
274 4.52148e-09
275 4.52148e-09
276 4.52148e-09
277 4.52148e-09
278 4.52148e-09
279 2.29549e-09
280 1.09741e-09
281 1.09741e-09
282 1.06123e-09
283 1.06123e-09
284 1.06123e-09
285 9.19347e-10
286 9.19347e-10
287 9.19347e-10
288 9.19347e-10
289 9.19347e-10
290 8.60493e-10
291 8.01596e-10
292 5.42486e-10
293 5.42486e-10
294 5.42486e-10
295 1.10099e-10
296 1.10099e-10
297 1.10099e-10
298 1.10099e-10
299 1.10099e-10
300 1.10099e-10
301 1.10099e-10
302 1.10099e-10
303 1.10099e-10
304 1.10099e-10
305 1.10099e-10
306 1.10099e-10
307 1.10099e-10
308 9.96825e-11
309 9.96825e-11
310 9.96825e-11
311 4.22529e-11
312 3.21383e-11
313 3.21383e-11
314 3.21383e-11
315 3.21383e-11
316 3.21383e-11
317 3.21383e-11
318 3.21383e-11
319 3.21383e-11
320 3.21383e-11
321 3.21383e-11
322 3.21383e-11
323 3.21383e-11
324 3.11364e-11
325 3.11364e-11
326 1.61333e-11
327 1.61333e-11
328 1.61333e-11
329 1.61333e-11
330 1.32521e-11
331 1.32521e-11
332 1.32521e-11
333 1.32521e-11
334 5.32241e-12
335 5.32241e-12
336 4.85345e-12
337 4.85345e-12
338 2.01128e-12
339 1.06626e-12
340 1.06626e-12
341 3.37952e-13
342 3.37952e-13
343 3.37952e-13
344 3.37952e-13
345 3.37952e-13
346 3.37952e-13
347 3.37952e-13
348 1.70974e-13
349 1.70974e-13
350 1.46105e-13
351 1.46105e-13
352 1.10578e-13
353 1.10578e-13
354 1.10578e-13
355 3.24185e-14
356 7.54952e-15
357 7.54952e-15
358 3.9968e-15
359 3.9968e-15
360 3.9968e-15
361 3.9968e-15
362 3.9968e-15
363 3.9968e-15
364 3.9968e-15
365 3.9968e-15
366 3.9968e-15
367 3.9968e-15
368 3.9968e-15
369 3.9968e-15
370 3.9968e-15
371 3.9968e-15
372 3.9968e-15
373 3.9968e-15
374 3.9968e-15
375 3.9968e-15
376 3.9968e-15
377 3.9968e-15
378 3.9968e-15
379 3.9968e-15
380 3.9968e-15
381 3.9968e-15
382 3.9968e-15
383 3.9968e-15
384 3.9968e-15
385 3.9968e-15
386 3.9968e-15
387 3.9968e-15
388 3.9968e-15
389 3.9968e-15
390 3.9968e-15
391 3.9968e-15
392 3.9968e-15
393 3.9968e-15
394 3.9968e-15
395 4.44089e-16
396 4.44089e-16
397 4.44089e-16
398 4.44089e-16
399 4.44089e-16
400 4.44089e-16
401 4.44089e-16
402 4.44089e-16
403 4.44089e-16
404 4.44089e-16
405 4.44089e-16
406 4.44089e-16
407 4.44089e-16
408 4.44089e-16
409 4.44089e-16
410 4.44089e-16
411 4.44089e-16
412 4.44089e-16
413 4.44089e-16
414 4.44089e-16
415 4.44089e-16
416 4.44089e-16
417 4.44089e-16
418 4.44089e-16
419 4.44089e-16
420 4.44089e-16
421 4.44089e-16
422 4.44089e-16
423 4.44089e-16
424 4.44089e-16
425 4.44089e-16
426 4.44089e-16
427 4.44089e-16
428 4.44089e-16
429 4.44089e-16
430 4.44089e-16
431 4.44089e-16
432 4.44089e-16
433 4.44089e-16
434 4.44089e-16
435 4.44089e-16
436 4.44089e-16
437 4.44089e-16
438 4.44089e-16
439 4.44089e-16
440 4.44089e-16
441 4.44089e-16
442 4.44089e-16
443 4.44089e-16
444 4.44089e-16
445 4.44089e-16
446 4.44089e-16
447 4.44089e-16
448 4.44089e-16
449 4.44089e-16
450 4.44089e-16
451 4.44089e-16
452 4.44089e-16
453 4.44089e-16
454 4.44089e-16
455 4.44089e-16
456 4.44089e-16
457 4.44089e-16
458 4.44089e-16
459 4.44089e-16
460 4.44089e-16
461 4.44089e-16
462 4.44089e-16
463 4.44089e-16
464 4.44089e-16
465 4.44089e-16
466 4.44089e-16
467 4.44089e-16
468 4.44089e-16
469 4.44089e-16
470 4.44089e-16
471 4.44089e-16
472 4.44089e-16
473 4.44089e-16
474 4.44089e-16
475 4.44089e-16
476 4.44089e-16
477 4.44089e-16
478 4.44089e-16
479 4.44089e-16
480 4.44089e-16
481 4.44089e-16
482 4.44089e-16
483 4.44089e-16
484 4.44089e-16
485 4.44089e-16
486 4.44089e-16
487 4.44089e-16
488 4.44089e-16
489 4.44089e-16
490 4.44089e-16
491 4.44089e-16
492 4.44089e-16
493 4.44089e-16
494 4.44089e-16
495 4.44089e-16
496 4.44089e-16
497 4.44089e-16
498 4.44089e-16
499 4.44089e-16
500 4.44089e-16
501 4.44089e-16
502 4.44089e-16
503 4.44089e-16
504 4.44089e-16
505 4.44089e-16
506 4.44089e-16
507 4.44089e-16
508 4.44089e-16
509 4.44089e-16
510 4.44089e-16
511 4.44089e-16
512 4.44089e-16
513 4.44089e-16
514 4.44089e-16
515 4.44089e-16
516 4.44089e-16
517 4.44089e-16
518 4.44089e-16
519 4.44089e-16
520 4.44089e-16
521 4.44089e-16
522 4.44089e-16
523 4.44089e-16
524 4.44089e-16
525 4.44089e-16
526 4.44089e-16
527 4.44089e-16
528 4.44089e-16
529 4.44089e-16
530 4.44089e-16
531 4.44089e-16
532 4.44089e-16
533 4.44089e-16
534 4.44089e-16
535 4.44089e-16
536 4.44089e-16
537 4.44089e-16
538 4.44089e-16
539 4.44089e-16
540 4.44089e-16
541 4.44089e-16
542 4.44089e-16
543 4.44089e-16
544 4.44089e-16
545 4.44089e-16
546 4.44089e-16
547 4.44089e-16
548 4.44089e-16
549 4.44089e-16
550 4.44089e-16
551 4.44089e-16
552 4.44089e-16
553 4.44089e-16
554 4.44089e-16
555 4.44089e-16
556 4.44089e-16
557 4.44089e-16
558 4.44089e-16
559 4.44089e-16
560 4.44089e-16
561 4.44089e-16
562 4.44089e-16
563 4.44089e-16
564 4.44089e-16
565 4.44089e-16
566 4.44089e-16
567 4.44089e-16
568 4.44089e-16
569 4.44089e-16
570 4.44089e-16
571 4.44089e-16
572 4.44089e-16
573 4.44089e-16
574 4.44089e-16
575 4.44089e-16
576 4.44089e-16
577 4.44089e-16
578 4.44089e-16
579 4.44089e-16
580 4.44089e-16
581 4.44089e-16
582 4.44089e-16
583 4.44089e-16
584 4.44089e-16
585 4.44089e-16
586 4.44089e-16
587 4.44089e-16
588 4.44089e-16
589 4.44089e-16
590 4.44089e-16
591 4.44089e-16
592 4.44089e-16
593 4.44089e-16
594 4.44089e-16
595 4.44089e-16
596 4.44089e-16
597 4.44089e-16
598 4.44089e-16
599 4.44089e-16
600 4.44089e-16
601 4.44089e-16
602 4.44089e-16
603 4.44089e-16
604 4.44089e-16
605 4.44089e-16
606 4.44089e-16
607 4.44089e-16
608 4.44089e-16
609 4.44089e-16
610 4.44089e-16
611 4.44089e-16
612 4.44089e-16
613 4.44089e-16
614 4.44089e-16
615 4.44089e-16
616 4.44089e-16
617 4.44089e-16
618 4.44089e-16
619 4.44089e-16
620 4.44089e-16
621 4.44089e-16
622 4.44089e-16
623 4.44089e-16
624 4.44089e-16
625 4.44089e-16
626 4.44089e-16
627 4.44089e-16
628 4.44089e-16
629 4.44089e-16
630 4.44089e-16
631 4.44089e-16
632 4.44089e-16
633 4.44089e-16
634 4.44089e-16
635 4.44089e-16
636 4.44089e-16
637 4.44089e-16
638 4.44089e-16
639 4.44089e-16
640 4.44089e-16
641 4.44089e-16
642 4.44089e-16
643 4.44089e-16
644 4.44089e-16
645 4.44089e-16
646 4.44089e-16
647 4.44089e-16
648 4.44089e-16
649 4.44089e-16
650 4.44089e-16
651 4.44089e-16
652 4.44089e-16
653 4.44089e-16
654 4.44089e-16
655 4.44089e-16
656 4.44089e-16
657 4.44089e-16
658 4.44089e-16
659 4.44089e-16
660 4.44089e-16
661 4.44089e-16
662 4.44089e-16
663 4.44089e-16
664 4.44089e-16
665 4.44089e-16
666 4.44089e-16
