0 13.4032
1 8.12903
2 4.06416
3 4.06416
4 4.06416
5 4.06416
6 4.06416
7 3.8856
8 3.46286
9 3.46286
10 3.46286
11 3.46286
12 3.15854
13 3.15854
14 3.15854
15 3.15854
16 3.15854
17 3.15854
18 3.15854
19 3.15854
20 3.15854
21 3.15854
22 3.15854
23 3.15854
24 3.15854
25 3.15854
26 3.15854
27 3.15854
28 2.8903
29 2.8903
30 2.8903
31 2.8903
32 2.8903
33 0.357673
34 0.357673
35 0.357673
36 0.357673
37 0.357673
38 0.357673
39 0.357673
40 0.357673
41 0.357673
42 0.210766
43 0.210766
44 0.210766
45 0.210766
46 0.210766
47 0.210766
48 0.210766
49 0.210766
50 0.210766
51 0.210766
52 0.210766
53 0.210766
54 0.210766
55 0.210766
56 0.210766
57 0.210766
58 0.210766
59 0.210766
60 0.210766
61 0.210766
62 0.210766
63 0.210766
64 0.134387
65 0.134387
66 0.134387
67 0.134387
68 0.134387
69 0.134387
70 0.134387
71 0.134387
72 0.134387
73 0.134387
74 0.134387
75 0.134387
76 0.134387
77 0.134387
78 0.134387
79 0.134387
80 0.134387
81 0.134387
82 0.134387
83 0.134387
84 0.134387
85 0.134387
86 0.040513
87 0.040513
88 0.040513
89 0.040513
90 0.040513
91 0.040513
92 0.040513
93 0.040513
94 0.0377801
95 0.0377801
96 0.0377801
97 0.0377801
98 0.0377801
99 0.0377801
100 0.0377801
101 0.0377801
102 0.0377801
103 0.0377801
104 0.0377801
105 0.0377801
106 0.0377801
107 0.0331872
108 0.0331872
109 0.0261619
110 0.0261619
111 0.0261619
112 0.0261619
113 0.0261619
114 0.0261619
115 0.0261619
116 0.0261619
117 0.0261619
118 0.00309362
119 0.00309362
120 0.00309362
121 0.00309362
122 0.00309362
123 0.00309362
124 0.00309362
125 0.00309362
126 0.00309362
127 0.00309362
128 0.00309362
129 0.00309362
130 0.00309362
131 0.00309362
132 0.00309362
133 0.00309362
134 0.00309362
135 0.00309362
136 0.00309362
137 0.00309362
138 0.00309362
139 0.00309362
140 0.00106323
141 0.00106323
142 0.00106323
143 0.00106323
144 0.00106323
145 0.00106323
146 0.00106323
147 0.00106323
148 0.00106323
149 0.000676478
150 0.000676478
151 0.000676478
152 0.000676478
153 0.000676478
154 0.000676478
155 0.000676478
156 0.000676478
157 0.000676478
158 0.000676478
159 0.000676478
160 0.000676478
161 0.000676478
162 0.000676478
163 0.000668262
164 0.000668262
165 0.000668262
166 0.000668262
167 0.000659701
168 0.000659701
169 0.000659701
170 0.000609533
171 0.000609533
172 0.000405991
173 0.000405991
174 0.000405991
175 0.000405991
176 0.000405991
177 0.000227479
178 0.000227479
179 0.000227479
180 5.33177e-05
181 5.33177e-05
182 9.51842e-06
183 9.51842e-06
184 9.51842e-06
185 9.51842e-06
186 9.51842e-06
187 9.51842e-06
188 9.51842e-06
189 9.51842e-06
190 9.51842e-06
191 9.51842e-06
192 9.51842e-06
193 9.51842e-06
194 9.51842e-06
195 9.51842e-06
196 9.51842e-06
197 9.51842e-06
198 9.51842e-06
199 9.51842e-06
200 9.51842e-06
201 9.51842e-06
202 9.51842e-06
203 9.51842e-06
204 9.51842e-06
205 9.51842e-06
206 9.51842e-06
207 9.51842e-06
208 9.51842e-06
209 6.22602e-06
210 6.22602e-06
211 5.77626e-06
212 5.77626e-06
213 5.77626e-06
214 2.03923e-06
215 2.03923e-06
216 2.03923e-06
217 2.03923e-06
218 2.03923e-06
219 2.03923e-06
220 1.11526e-06
221 1.11526e-06
222 1.11526e-06
223 1.11526e-06
224 1.11526e-06
225 1.11526e-06
226 1.11526e-06
227 1.11526e-06
228 1.11526e-06
229 9.56193e-07
230 7.96977e-07
231 6.82023e-07
232 5.99199e-07
233 5.3962e-07
234 4.29366e-07
235 4.29366e-07
236 4.29366e-07
237 4.29366e-07
238 4.29366e-07
239 4.18416e-07
240 4.18416e-07
241 1.8812e-07
242 1.8812e-07
243 1.8812e-07
244 1.38556e-07
245 1.38556e-07
246 1.38556e-07
247 1.38556e-07
248 1.38556e-07
249 1.38556e-07
250 1.38556e-07
251 1.38556e-07
252 1.38556e-07
253 1.38556e-07
254 1.00554e-07
255 1.00554e-07
256 1.00554e-07
257 1.00554e-07
258 9.98316e-08
259 9.98316e-08
260 9.89984e-08
261 9.89984e-08
262 9.84092e-08
263 9.84092e-08
264 9.82489e-08
265 9.72268e-08
266 9.72268e-08
267 5.23698e-08
268 3.74907e-08
269 3.51078e-08
270 3.51078e-08
271 1.53891e-08
272 1.53891e-08
273 1.53891e-08
274 7.14219e-09
275 7.14219e-09
276 7.14219e-09
277 7.14219e-09
278 7.14219e-09
279 7.14219e-09
280 2.53665e-09
281 2.53665e-09
282 2.53665e-09
283 2.53665e-09
284 1.14911e-09
285 1.14911e-09
286 1.14911e-09
287 1.14911e-09
288 1.14911e-09
289 1.14911e-09
290 1.04202e-09
291 8.49671e-10
292 7.24885e-10
293 3.74886e-10
294 3.74886e-10
295 2.07482e-10
296 2.07482e-10
297 1.92845e-10
298 1.92845e-10
299 1.76847e-10
300 1.69127e-10
301 1.43537e-10
302 1.02326e-10
303 8.89888e-11
304 8.89888e-11
305 8.89888e-11
306 8.89888e-11
307 6.02687e-11
308 5.65135e-11
309 5.65135e-11
310 5.33906e-11
311 5.33906e-11
312 5.33906e-11
313 5.22928e-11
314 5.21791e-11
315 5.21791e-11
316 5.02749e-11
317 5.02749e-11
318 5.00617e-11
319 6.45217e-12
320 6.45217e-12
321 6.45217e-12
322 6.45217e-12
323 6.45217e-12
324 6.45217e-12
325 6.45217e-12
326 6.45217e-12
327 6.45217e-12
328 6.45217e-12
329 5.75939e-12
330 2.95275e-12
331 2.95275e-12
332 2.95275e-12
333 2.95275e-12
334 2.95275e-12
335 2.95275e-12
336 2.95275e-12
337 2.95275e-12
338 2.95275e-12
339 2.95275e-12
340 2.95275e-12
341 2.57971e-12
342 2.57971e-12
343 2.57971e-12
344 1.99352e-12
345 4.19664e-13
346 4.19664e-13
347 4.19664e-13
348 3.52163e-13
349 2.42029e-13
350 2.42029e-13
351 2.42029e-13
352 2.42029e-13
353 2.42029e-13
354 1.10578e-13
355 1.10578e-13
356 1.10578e-13
357 5.01821e-14
358 5.01821e-14
359 5.01821e-14
360 5.01821e-14
361 5.01821e-14
362 5.01821e-14
363 5.01821e-14
364 2.17604e-14
365 2.17604e-14
366 2.17604e-14
367 2.17604e-14
368 2.17604e-14
369 2.17604e-14
370 2.17604e-14
371 7.54952e-15
372 7.54952e-15
373 7.54952e-15
374 7.54952e-15
375 7.54952e-15
376 3.9968e-15
377 3.9968e-15
378 3.9968e-15
379 3.9968e-15
380 3.9968e-15
381 3.9968e-15
382 3.9968e-15
383 3.9968e-15
384 3.9968e-15
385 3.9968e-15
386 3.9968e-15
387 3.9968e-15
388 3.9968e-15
389 3.9968e-15
390 3.9968e-15
391 3.9968e-15
392 3.9968e-15
393 3.9968e-15
394 4.44089e-16
395 4.44089e-16
396 4.44089e-16
397 4.44089e-16
398 4.44089e-16
399 4.44089e-16
400 4.44089e-16
401 4.44089e-16
402 4.44089e-16
403 4.44089e-16
404 4.44089e-16
405 4.44089e-16
406 4.44089e-16
407 4.44089e-16
408 4.44089e-16
409 4.44089e-16
410 4.44089e-16
411 4.44089e-16
412 4.44089e-16
413 4.44089e-16
414 4.44089e-16
415 4.44089e-16
416 4.44089e-16
417 4.44089e-16
418 4.44089e-16
419 4.44089e-16
420 4.44089e-16
421 4.44089e-16
422 4.44089e-16
423 4.44089e-16
424 4.44089e-16
425 4.44089e-16
426 4.44089e-16
427 4.44089e-16
428 4.44089e-16
429 4.44089e-16
430 4.44089e-16
431 4.44089e-16
432 4.44089e-16
433 4.44089e-16
434 4.44089e-16
435 4.44089e-16
436 4.44089e-16
437 4.44089e-16
438 4.44089e-16
439 4.44089e-16
440 4.44089e-16
441 4.44089e-16
442 4.44089e-16
443 4.44089e-16
444 4.44089e-16
445 4.44089e-16
446 4.44089e-16
447 4.44089e-16
448 4.44089e-16
449 4.44089e-16
450 4.44089e-16
451 4.44089e-16
452 4.44089e-16
453 4.44089e-16
454 4.44089e-16
455 4.44089e-16
456 4.44089e-16
457 4.44089e-16
458 4.44089e-16
459 4.44089e-16
460 4.44089e-16
461 4.44089e-16
462 4.44089e-16
463 4.44089e-16
464 4.44089e-16
465 4.44089e-16
466 4.44089e-16
467 4.44089e-16
468 4.44089e-16
469 4.44089e-16
470 4.44089e-16
471 4.44089e-16
472 4.44089e-16
473 4.44089e-16
474 4.44089e-16
475 4.44089e-16
476 4.44089e-16
477 4.44089e-16
478 4.44089e-16
479 4.44089e-16
480 4.44089e-16
481 4.44089e-16
482 4.44089e-16
483 4.44089e-16
484 4.44089e-16
485 4.44089e-16
486 4.44089e-16
487 4.44089e-16
488 4.44089e-16
489 4.44089e-16
490 4.44089e-16
491 4.44089e-16
492 4.44089e-16
493 4.44089e-16
494 4.44089e-16
495 4.44089e-16
496 4.44089e-16
497 4.44089e-16
498 4.44089e-16
499 4.44089e-16
500 4.44089e-16
501 4.44089e-16
502 4.44089e-16
503 4.44089e-16
504 4.44089e-16
505 4.44089e-16
506 4.44089e-16
507 4.44089e-16
508 4.44089e-16
509 4.44089e-16
510 4.44089e-16
511 4.44089e-16
512 4.44089e-16
513 4.44089e-16
514 4.44089e-16
515 4.44089e-16
516 4.44089e-16
517 4.44089e-16
518 4.44089e-16
519 4.44089e-16
520 4.44089e-16
521 4.44089e-16
522 4.44089e-16
523 4.44089e-16
524 4.44089e-16
525 4.44089e-16
526 4.44089e-16
527 4.44089e-16
528 4.44089e-16
529 4.44089e-16
530 4.44089e-16
531 4.44089e-16
532 4.44089e-16
533 4.44089e-16
534 4.44089e-16
535 4.44089e-16
536 4.44089e-16
537 4.44089e-16
538 4.44089e-16
539 4.44089e-16
540 4.44089e-16
541 4.44089e-16
542 4.44089e-16
543 4.44089e-16
544 4.44089e-16
545 4.44089e-16
546 4.44089e-16
547 4.44089e-16
548 4.44089e-16
549 4.44089e-16
550 4.44089e-16
551 4.44089e-16
552 4.44089e-16
553 4.44089e-16
554 4.44089e-16
555 4.44089e-16
556 4.44089e-16
557 4.44089e-16
558 4.44089e-16
559 4.44089e-16
560 4.44089e-16
561 4.44089e-16
562 4.44089e-16
563 4.44089e-16
564 4.44089e-16
565 4.44089e-16
566 4.44089e-16
567 4.44089e-16
568 4.44089e-16
569 4.44089e-16
570 4.44089e-16
571 4.44089e-16
572 4.44089e-16
573 4.44089e-16
574 4.44089e-16
575 4.44089e-16
576 4.44089e-16
577 4.44089e-16
578 4.44089e-16
579 4.44089e-16
580 4.44089e-16
581 4.44089e-16
582 4.44089e-16
583 4.44089e-16
584 4.44089e-16
585 4.44089e-16
586 4.44089e-16
587 4.44089e-16
588 4.44089e-16
589 4.44089e-16
590 4.44089e-16
591 4.44089e-16
592 4.44089e-16
593 4.44089e-16
594 4.44089e-16
595 4.44089e-16
596 4.44089e-16
597 4.44089e-16
598 4.44089e-16
599 4.44089e-16
600 4.44089e-16
601 4.44089e-16
602 4.44089e-16
603 4.44089e-16
604 4.44089e-16
605 4.44089e-16
606 4.44089e-16
607 4.44089e-16
608 4.44089e-16
609 4.44089e-16
610 4.44089e-16
611 4.44089e-16
612 4.44089e-16
613 4.44089e-16
614 4.44089e-16
615 4.44089e-16
616 4.44089e-16
617 4.44089e-16
618 4.44089e-16
619 4.44089e-16
620 4.44089e-16
621 4.44089e-16
622 4.44089e-16
623 4.44089e-16
624 4.44089e-16
625 4.44089e-16
626 4.44089e-16
627 4.44089e-16
628 4.44089e-16
629 4.44089e-16
630 4.44089e-16
631 4.44089e-16
632 4.44089e-16
633 4.44089e-16
634 4.44089e-16
635 4.44089e-16
636 4.44089e-16
637 4.44089e-16
638 4.44089e-16
639 4.44089e-16
640 4.44089e-16
641 4.44089e-16
642 4.44089e-16
643 4.44089e-16
644 4.44089e-16
645 4.44089e-16
646 4.44089e-16
647 4.44089e-16
648 4.44089e-16
649 4.44089e-16
650 4.44089e-16
651 4.44089e-16
652 4.44089e-16
653 4.44089e-16
654 4.44089e-16
655 4.44089e-16
656 4.44089e-16
657 4.44089e-16
658 4.44089e-16
659 4.44089e-16
660 4.44089e-16
661 4.44089e-16
662 4.44089e-16
663 4.44089e-16
664 4.44089e-16
665 4.44089e-16
666 4.44089e-16
