0 0.520936
1 0.520936
2 0.520936
3 0.520936
4 0.520936
5 0.520936
6 0.520936
7 0.520936
8 0.520936
9 0.520936
10 0.520936
11 0.520936
12 0.520936
13 0.520936
14 0.520936
15 0.520936
16 0.520936
17 0.520936
18 0.520936
19 0.520936
20 0.520936
21 0.520936
22 0.520936
23 0.520936
24 0.520936
25 0.520936
26 0.520936
27 0.520936
28 0.520936
29 0.520936
30 0.520936
31 0.520936
32 0.520936
33 0.520936
34 0.214936
35 0.214936
36 0.214936
37 0.214936
38 0.214936
39 0.214936
40 0.214936
41 0.214936
42 0.203786
43 0.203786
44 0.203786
45 0.203786
46 0.196413
47 0.196413
48 0.196413
49 0.174761
50 0.174761
51 0.174761
52 0.174761
53 0.174761
54 0.174761
55 0.174761
56 0.173091
57 0.173091
58 0.173091
59 0.173091
60 0.173091
61 0.173091
62 0.173091
63 0.173091
64 0.173091
65 0.173091
66 0.173091
67 0.173091
68 0.173091
69 0.173091
70 0.173091
71 0.173091
72 0.173091
73 0.173091
74 0.173091
75 0.173091
76 0.173091
77 0.173091
78 0.171901
79 0.171901
80 0.168842
81 0.168777
82 0.168777
83 0.0634515
84 0.0634515
85 0.0634515
86 0.0634515
87 0.0634515
88 0.0634515
89 0.0634515
90 0.0634515
91 0.0634515
92 0.0634515
93 0.0634515
94 0.0634515
95 0.0634515
96 0.0634515
97 0.0634515
98 0.0634515
99 0.0634515
100 0.0634515
101 0.0634515
102 0.0634515
103 0.0634515
104 0.0634515
105 0.0634515
106 0.0634515
107 0.0634515
108 0.0561873
109 0.0561873
110 0.0561873
111 0.0561873
112 0.0561873
113 0.0470071
114 0.0470071
115 0.0470071
116 0.0470071
117 0.0470071
118 0.0433727
119 0.0433727
120 0.0433727
121 0.0433727
122 0.0433727
123 0.00742013
124 0.00742013
125 0.00432815
126 0.00432815
127 0.00432815
128 0.00432815
129 0.00432815
130 0.00432815
131 0.00432815
132 0.00432815
133 0.00432815
134 0.00432815
135 0.00305368
136 0.00305368
137 0.00305368
138 0.00305368
139 0.00305368
140 0.00305368
141 0.00305368
142 0.00305368
143 0.00216383
144 0.00216383
145 0.00117463
146 0.00117463
147 0.00117463
148 0.00117463
149 0.00117463
150 0.00117463
151 0.00117463
152 0.00117463
153 0.00117463
154 0.00117463
155 0.00117463
156 0.00114742
157 0.00114742
158 0.00114742
159 0.00114742
160 0.00114742
161 0.00114742
162 0.00114144
163 0.00114144
164 0.000584859
165 0.000307705
166 0.000307705
167 0.000307705
168 0.000195923
169 0.000195923
170 0.000195923
171 0.000127361
172 0.000127361
173 0.000119989
174 6.18307e-05
175 6.18307e-05
176 6.18307e-05
177 3.54434e-05
178 3.54434e-05
179 3.54434e-05
180 3.54434e-05
181 3.54434e-05
182 3.54434e-05
183 3.54434e-05
184 3.54434e-05
185 3.54434e-05
186 3.54434e-05
187 1.7258e-05
188 4.29493e-06
189 4.29493e-06
190 4.29493e-06
191 4.29493e-06
192 4.29493e-06
193 4.29493e-06
194 4.29493e-06
195 4.29493e-06
196 4.29493e-06
197 4.29493e-06
198 4.29493e-06
199 4.29493e-06
200 4.29493e-06
201 1.4706e-06
202 1.4706e-06
203 1.4706e-06
204 1.4706e-06
205 1.2246e-06
206 1.2246e-06
207 1.19534e-06
208 6.16671e-07
209 3.88532e-07
210 3.88532e-07
211 3.08474e-07
212 2.63475e-07
213 2.63475e-07
214 2.63475e-07
215 2.63475e-07
216 2.46127e-07
217 2.46127e-07
218 2.36847e-07
219 2.36847e-07
220 2.36847e-07
221 2.32315e-07
222 2.32315e-07
223 2.29384e-07
224 2.26246e-07
225 2.26246e-07
226 2.26246e-07
227 2.26246e-07
228 2.26246e-07
229 2.26207e-07
230 2.79344e-08
231 2.79344e-08
232 2.79344e-08
233 2.79344e-08
234 2.79344e-08
235 2.79344e-08
236 2.79344e-08
237 2.79344e-08
238 2.79344e-08
239 2.79344e-08
240 6.10268e-09
241 6.10268e-09
242 6.10268e-09
243 6.10268e-09
244 6.10268e-09
245 6.10268e-09
246 6.10268e-09
247 5.57159e-09
248 5.57159e-09
249 5.29324e-09
250 5.29324e-09
251 5.29324e-09
252 5.29324e-09
253 5.29324e-09
254 5.29324e-09
255 2.99267e-09
256 2.99267e-09
257 8.9036e-10
258 8.9036e-10
259 8.9036e-10
260 8.9036e-10
261 8.9036e-10
262 8.9036e-10
263 8.9036e-10
264 8.9036e-10
265 8.9036e-10
266 8.9036e-10
267 8.9036e-10
268 8.9036e-10
269 8.9036e-10
270 3.03313e-10
271 3.03313e-10
272 3.03313e-10
273 3.03313e-10
274 2.10374e-10
275 2.10374e-10
276 2.10374e-10
277 2.10374e-10
278 2.10374e-10
279 2.10374e-10
280 2.10374e-10
281 2.10374e-10
282 2.10374e-10
283 1.5055e-10
284 1.5055e-10
285 1.5055e-10
286 1.5055e-10
287 1.5055e-10
288 7.52149e-11
289 7.52149e-11
290 7.52149e-11
291 7.36198e-11
292 7.36198e-11
293 5.58882e-11
294 5.30389e-11
295 5.30389e-11
296 5.30389e-11
297 4.32867e-11
298 3.6938e-11
299 3.6938e-11
300 3.06675e-11
301 3.06675e-11
302 3.06675e-11
303 1.66342e-11
304 1.52203e-11
305 1.52203e-11
306 1.52203e-11
307 1.36358e-11
308 1.36358e-11
309 9.11315e-12
310 9.11315e-12
311 9.11315e-12
312 9.11315e-12
313 8.39195e-12
314 8.39195e-12
315 8.39195e-12
316 8.39195e-12
317 7.0739e-12
318 7.0739e-12
319 7.03837e-12
320 7.03837e-12
321 7.03837e-12
322 7.03837e-12
323 7.03837e-12
324 7.03837e-12
325 6.32072e-12
326 4.02212e-12
327 2.6863e-12
328 2.03615e-12
329 1.82654e-12
330 1.81943e-12
331 1.81943e-12
332 1.81943e-12
333 1.76259e-12
334 1.76259e-12
335 7.03881e-13
336 6.79456e-14
337 6.79456e-14
338 6.79456e-14
339 6.79456e-14
340 6.79456e-14
341 4.66294e-14
342 4.66294e-14
343 4.66294e-14
344 4.66294e-14
345 4.66294e-14
346 4.66294e-14
347 4.66294e-14
348 4.66294e-14
349 4.66294e-14
350 4.66294e-14
351 4.66294e-14
352 4.66294e-14
353 4.66294e-14
354 4.66294e-14
355 4.66294e-14
356 4.66294e-14
357 4.66294e-14
358 4.66294e-14
359 3.95239e-14
360 2.17604e-14
361 2.17604e-14
362 2.17604e-14
363 1.11022e-14
364 3.9968e-15
365 3.9968e-15
366 3.9968e-15
367 3.9968e-15
368 3.9968e-15
369 3.9968e-15
370 3.9968e-15
371 3.9968e-15
372 3.9968e-15
373 3.9968e-15
374 4.44089e-16
375 4.44089e-16
376 4.44089e-16
377 4.44089e-16
378 4.44089e-16
379 4.44089e-16
380 4.44089e-16
381 4.44089e-16
382 4.44089e-16
383 4.44089e-16
384 4.44089e-16
385 4.44089e-16
386 4.44089e-16
387 4.44089e-16
388 4.44089e-16
389 4.44089e-16
390 4.44089e-16
391 4.44089e-16
392 4.44089e-16
393 4.44089e-16
394 4.44089e-16
395 4.44089e-16
396 4.44089e-16
397 4.44089e-16
398 4.44089e-16
399 4.44089e-16
400 4.44089e-16
401 4.44089e-16
402 4.44089e-16
403 4.44089e-16
404 4.44089e-16
405 4.44089e-16
406 4.44089e-16
407 4.44089e-16
408 4.44089e-16
409 4.44089e-16
410 4.44089e-16
411 4.44089e-16
412 4.44089e-16
413 4.44089e-16
414 4.44089e-16
415 4.44089e-16
416 4.44089e-16
417 4.44089e-16
418 4.44089e-16
419 4.44089e-16
420 4.44089e-16
421 4.44089e-16
422 4.44089e-16
423 4.44089e-16
424 4.44089e-16
425 4.44089e-16
426 4.44089e-16
427 4.44089e-16
428 4.44089e-16
429 4.44089e-16
430 4.44089e-16
431 4.44089e-16
432 4.44089e-16
433 4.44089e-16
434 4.44089e-16
435 4.44089e-16
436 4.44089e-16
437 4.44089e-16
438 4.44089e-16
439 4.44089e-16
440 4.44089e-16
441 4.44089e-16
442 4.44089e-16
443 4.44089e-16
444 4.44089e-16
445 4.44089e-16
446 4.44089e-16
447 4.44089e-16
448 4.44089e-16
449 4.44089e-16
450 4.44089e-16
451 4.44089e-16
452 4.44089e-16
453 4.44089e-16
454 4.44089e-16
455 4.44089e-16
456 4.44089e-16
457 4.44089e-16
458 4.44089e-16
459 4.44089e-16
460 4.44089e-16
461 4.44089e-16
462 4.44089e-16
463 4.44089e-16
464 4.44089e-16
465 4.44089e-16
466 4.44089e-16
467 4.44089e-16
468 4.44089e-16
469 4.44089e-16
470 4.44089e-16
471 4.44089e-16
472 4.44089e-16
473 4.44089e-16
474 4.44089e-16
475 4.44089e-16
476 4.44089e-16
477 4.44089e-16
478 4.44089e-16
479 4.44089e-16
480 4.44089e-16
481 4.44089e-16
482 4.44089e-16
483 4.44089e-16
484 4.44089e-16
485 4.44089e-16
486 4.44089e-16
487 4.44089e-16
488 4.44089e-16
489 4.44089e-16
490 4.44089e-16
491 4.44089e-16
492 4.44089e-16
493 4.44089e-16
494 4.44089e-16
495 4.44089e-16
496 4.44089e-16
497 4.44089e-16
498 4.44089e-16
499 4.44089e-16
500 4.44089e-16
501 4.44089e-16
502 4.44089e-16
503 4.44089e-16
504 4.44089e-16
505 4.44089e-16
506 4.44089e-16
507 4.44089e-16
508 4.44089e-16
509 4.44089e-16
510 4.44089e-16
511 4.44089e-16
512 4.44089e-16
513 4.44089e-16
514 4.44089e-16
515 4.44089e-16
516 4.44089e-16
517 4.44089e-16
518 4.44089e-16
519 4.44089e-16
520 4.44089e-16
521 4.44089e-16
522 4.44089e-16
523 4.44089e-16
524 4.44089e-16
525 4.44089e-16
526 4.44089e-16
527 4.44089e-16
528 4.44089e-16
529 4.44089e-16
530 4.44089e-16
531 4.44089e-16
532 4.44089e-16
533 4.44089e-16
534 4.44089e-16
535 4.44089e-16
536 4.44089e-16
537 4.44089e-16
538 4.44089e-16
539 4.44089e-16
540 4.44089e-16
541 4.44089e-16
542 4.44089e-16
543 4.44089e-16
544 4.44089e-16
545 4.44089e-16
546 4.44089e-16
547 4.44089e-16
548 4.44089e-16
549 4.44089e-16
550 4.44089e-16
551 4.44089e-16
552 4.44089e-16
553 4.44089e-16
554 4.44089e-16
555 4.44089e-16
556 4.44089e-16
557 4.44089e-16
558 4.44089e-16
559 4.44089e-16
560 4.44089e-16
561 4.44089e-16
562 4.44089e-16
563 4.44089e-16
564 4.44089e-16
565 4.44089e-16
566 4.44089e-16
567 4.44089e-16
568 4.44089e-16
569 4.44089e-16
570 4.44089e-16
571 4.44089e-16
572 4.44089e-16
573 4.44089e-16
574 4.44089e-16
575 4.44089e-16
576 4.44089e-16
577 4.44089e-16
578 4.44089e-16
579 4.44089e-16
580 4.44089e-16
581 4.44089e-16
582 4.44089e-16
583 4.44089e-16
584 4.44089e-16
585 4.44089e-16
586 4.44089e-16
587 4.44089e-16
588 4.44089e-16
589 4.44089e-16
590 4.44089e-16
591 4.44089e-16
592 4.44089e-16
593 4.44089e-16
594 4.44089e-16
595 4.44089e-16
596 4.44089e-16
597 4.44089e-16
598 4.44089e-16
599 4.44089e-16
600 4.44089e-16
601 4.44089e-16
602 4.44089e-16
603 4.44089e-16
604 4.44089e-16
605 4.44089e-16
606 4.44089e-16
607 4.44089e-16
608 4.44089e-16
609 4.44089e-16
610 4.44089e-16
611 4.44089e-16
612 4.44089e-16
613 4.44089e-16
614 4.44089e-16
615 4.44089e-16
616 4.44089e-16
617 4.44089e-16
618 4.44089e-16
619 4.44089e-16
620 4.44089e-16
621 4.44089e-16
622 4.44089e-16
623 4.44089e-16
624 4.44089e-16
625 4.44089e-16
626 4.44089e-16
627 4.44089e-16
628 4.44089e-16
629 4.44089e-16
630 4.44089e-16
631 4.44089e-16
632 4.44089e-16
633 4.44089e-16
634 4.44089e-16
635 4.44089e-16
636 4.44089e-16
637 4.44089e-16
638 4.44089e-16
639 4.44089e-16
640 4.44089e-16
641 4.44089e-16
642 4.44089e-16
643 4.44089e-16
644 4.44089e-16
645 4.44089e-16
646 4.44089e-16
647 4.44089e-16
648 4.44089e-16
649 4.44089e-16
650 4.44089e-16
651 4.44089e-16
652 4.44089e-16
653 4.44089e-16
654 4.44089e-16
655 4.44089e-16
656 4.44089e-16
657 4.44089e-16
658 4.44089e-16
659 4.44089e-16
660 4.44089e-16
661 4.44089e-16
662 4.44089e-16
663 4.44089e-16
664 4.44089e-16
665 4.44089e-16
666 4.44089e-16
