0 5.62547
1 5.62547
2 5.62547
3 5.62547
4 5.62547
5 5.62547
6 4.26516
7 4.26516
8 2.92256
9 2.92256
10 2.92256
11 2.92256
12 2.53046
13 2.53046
14 2.53046
15 2.53046
16 2.53046
17 2.53046
18 2.53046
19 1.53774
20 1.53774
21 1.53774
22 1.53774
23 0.304195
24 0.304195
25 0.304195
26 0.304195
27 0.304195
28 0.0800854
29 0.0800854
30 0.0800854
31 0.0800854
32 0.0800854
33 0.0800854
34 0.0800854
35 0.0800854
36 0.0800854
37 0.0800854
38 0.0800854
39 0.0800854
40 0.0800854
41 0.0800854
42 0.0800854
43 0.0800854
44 0.0800854
45 0.0800854
46 0.0800854
47 0.0800854
48 0.0800854
49 0.0800854
50 0.0800854
51 0.0800854
52 0.0800854
53 0.0800854
54 0.0800854
55 0.0800854
56 0.0800854
57 0.0800854
58 0.0800854
59 0.0800854
60 0.0800854
61 0.0800854
62 0.0800854
63 0.0800854
64 0.0516717
65 0.0516717
66 0.0516717
67 0.0516717
68 0.0516717
69 0.0516717
70 0.0516717
71 0.0482474
72 0.0482474
73 0.0482474
74 0.0420136
75 0.0420136
76 0.0420136
77 0.0420136
78 0.0420136
79 0.0420136
80 0.0420136
81 0.0420136
82 0.0405109
83 0.0405109
84 0.0405109
85 0.0405109
86 0.0405109
87 0.0405109
88 0.0405109
89 0.0405109
90 0.0405109
91 0.0405109
92 0.0405109
93 0.0405109
94 0.0356949
95 0.0356949
96 0.0356949
97 0.0356949
98 0.0339382
99 0.0339382
100 0.0218691
101 0.0193209
102 0.0193209
103 0.0193209
104 0.018495
105 0.018495
106 0.018495
107 0.0144006
108 0.0134859
109 0.0089334
110 0.0089334
111 0.0089334
112 0.0089334
113 0.00699142
114 0.00699142
115 0.00699142
116 0.00605258
117 0.00605258
118 0.00605258
119 0.00605258
120 0.00605258
121 0.00605258
122 0.00605258
123 0.00605258
124 0.00605258
125 0.00605258
126 0.00605258
127 0.00605258
128 0.00605258
129 0.00605258
130 0.00605258
131 0.00605258
132 0.00605258
133 0.00605258
134 0.00605258
135 0.00605258
136 0.00605258
137 0.00605258
138 0.00605258
139 0.00605258
140 0.00605258
141 0.00605258
142 0.00605258
143 0.00605258
144 0.00605258
145 0.00605258
146 0.00605258
147 0.00165979
148 0.00165979
149 0.00165979
150 0.00165979
151 0.00165979
152 0.00165979
153 0.00165979
154 0.00165979
155 0.00165979
156 0.00165979
157 0.00165979
158 0.00165979
159 0.00165979
160 0.00165979
161 0.00165979
162 0.00165979
163 0.00165979
164 0.00165979
165 0.00165979
166 0.00165979
167 0.0016099
168 0.0016099
169 0.000894904
170 0.000894904
171 0.000696888
172 0.000696888
173 0.000689061
174 0.000689061
175 0.000689061
176 0.000607061
177 0.000607061
178 0.000431102
179 0.000431102
180 0.000431102
181 0.000431102
182 0.000431102
183 0.000431102
184 0.000431102
185 0.000431102
186 0.000349075
187 0.000349075
188 0.000198302
189 7.81963e-05
190 7.81963e-05
191 7.81963e-05
192 4.2542e-05
193 4.2542e-05
194 4.2542e-05
195 4.2542e-05
196 4.2542e-05
197 4.2542e-05
198 4.2542e-05
199 4.2542e-05
200 4.2542e-05
201 4.2542e-05
202 4.2542e-05
203 4.2542e-05
204 4.2542e-05
205 4.2542e-05
206 3.34175e-05
207 2.36742e-05
208 2.36742e-05
209 2.27243e-05
210 2.27243e-05
211 2.27243e-05
212 2.27243e-05
213 2.27243e-05
214 2.27243e-05
215 1.27631e-05
216 1.27631e-05
217 1.27631e-05
218 1.27631e-05
219 1.27631e-05
220 5.17112e-06
221 5.17112e-06
222 5.17112e-06
223 5.17112e-06
224 3.87804e-06
225 3.87804e-06
226 3.87804e-06
227 3.87804e-06
228 3.87804e-06
229 3.87804e-06
230 3.87804e-06
231 3.37283e-06
232 3.37283e-06
233 3.37283e-06
234 1.64956e-06
235 1.64956e-06
236 1.64956e-06
237 1.64956e-06
238 1.64956e-06
239 1.64956e-06
240 1.64956e-06
241 1.24685e-06
242 1.24685e-06
243 1.24685e-06
244 1.24685e-06
245 1.24685e-06
246 1.24685e-06
247 9.88611e-07
248 9.88611e-07
249 9.88611e-07
250 2.70589e-07
251 2.70589e-07
252 2.70589e-07
253 2.70589e-07
254 1.49616e-07
255 1.49616e-07
256 1.49616e-07
257 1.49616e-07
258 1.49616e-07
259 1.49616e-07
260 1.49616e-07
261 1.49616e-07
262 1.42807e-07
263 1.42807e-07
264 1.42807e-07
265 1.42807e-07
266 1.42807e-07
267 5.01921e-08
268 5.01921e-08
269 5.01921e-08
270 5.01921e-08
271 3.88319e-08
272 3.88319e-08
273 2.24119e-08
274 2.24119e-08
275 2.24119e-08
276 2.24119e-08
277 2.24119e-08
278 2.24119e-08
279 2.24119e-08
280 2.24119e-08
281 2.21001e-08
282 1.48285e-08
283 1.48285e-08
284 1.27521e-08
285 8.6806e-09
286 3.28354e-09
287 3.28354e-09
288 3.28354e-09
289 3.28354e-09
290 3.28354e-09
291 3.28354e-09
292 2.40433e-09
293 2.40433e-09
294 2.27003e-09
295 1.22032e-09
296 1.22032e-09
297 8.45386e-10
298 4.13654e-10
299 4.04292e-10
300 4.04292e-10
301 4.04292e-10
302 4.04292e-10
303 3.16817e-10
304 3.16817e-10
305 3.16817e-10
306 3.16817e-10
307 3.16817e-10
308 3.09737e-10
309 2.3508e-10
310 2.3508e-10
311 2.3508e-10
312 2.3508e-10
313 2.3508e-10
314 2.3508e-10
315 2.3508e-10
316 1.42908e-10
317 5.81548e-11
318 5.81548e-11
319 3.58651e-11
320 3.58651e-11
321 3.58651e-11
322 3.58651e-11
323 1.97962e-11
324 1.97962e-11
325 1.97962e-11
326 1.97962e-11
327 1.73874e-11
328 1.73874e-11
329 1.73732e-11
330 9.85922e-12
331 8.87512e-12
332 8.87512e-12
333 8.87512e-12
334 8.87512e-12
335 8.87512e-12
336 8.87512e-12
337 8.87512e-12
338 7.77378e-12
339 7.07745e-12
340 6.65823e-12
341 4.97424e-12
342 2.12497e-12
343 2.12497e-12
344 1.17639e-12
345 1.08047e-12
346 1.08047e-12
347 1.08047e-12
348 2.7045e-13
349 2.7045e-13
350 2.7045e-13
351 2.7045e-13
352 2.7045e-13
353 2.7045e-13
354 2.7045e-13
355 2.7045e-13
356 2.7045e-13
357 1.49658e-13
358 1.49658e-13
359 6.43929e-14
360 6.43929e-14
361 6.43929e-14
362 6.08402e-14
363 2.88658e-14
364 2.88658e-14
365 2.17604e-14
366 2.17604e-14
367 2.17604e-14
368 1.11022e-14
369 1.11022e-14
370 1.11022e-14
371 1.11022e-14
372 7.54952e-15
373 7.54952e-15
374 7.54952e-15
375 7.54952e-15
376 7.54952e-15
377 3.9968e-15
378 3.9968e-15
379 3.9968e-15
380 3.9968e-15
381 3.9968e-15
382 3.9968e-15
383 3.9968e-15
384 3.9968e-15
385 3.9968e-15
386 3.9968e-15
387 3.9968e-15
388 3.9968e-15
389 4.44089e-16
390 4.44089e-16
391 4.44089e-16
392 4.44089e-16
393 4.44089e-16
394 4.44089e-16
395 4.44089e-16
396 4.44089e-16
397 4.44089e-16
398 4.44089e-16
399 4.44089e-16
400 4.44089e-16
401 4.44089e-16
402 4.44089e-16
403 4.44089e-16
404 4.44089e-16
405 4.44089e-16
406 4.44089e-16
407 4.44089e-16
408 4.44089e-16
409 4.44089e-16
410 4.44089e-16
411 4.44089e-16
412 4.44089e-16
413 4.44089e-16
414 4.44089e-16
415 4.44089e-16
416 4.44089e-16
417 4.44089e-16
418 4.44089e-16
419 4.44089e-16
420 4.44089e-16
421 4.44089e-16
422 4.44089e-16
423 4.44089e-16
424 4.44089e-16
425 4.44089e-16
426 4.44089e-16
427 4.44089e-16
428 4.44089e-16
429 4.44089e-16
430 4.44089e-16
431 4.44089e-16
432 4.44089e-16
433 4.44089e-16
434 4.44089e-16
435 4.44089e-16
436 4.44089e-16
437 4.44089e-16
438 4.44089e-16
439 4.44089e-16
440 4.44089e-16
441 4.44089e-16
442 4.44089e-16
443 4.44089e-16
444 4.44089e-16
445 4.44089e-16
446 4.44089e-16
447 4.44089e-16
448 4.44089e-16
449 4.44089e-16
450 4.44089e-16
451 4.44089e-16
452 4.44089e-16
453 4.44089e-16
454 4.44089e-16
455 4.44089e-16
456 4.44089e-16
457 4.44089e-16
458 4.44089e-16
459 4.44089e-16
460 4.44089e-16
461 4.44089e-16
462 4.44089e-16
463 4.44089e-16
464 4.44089e-16
465 4.44089e-16
466 4.44089e-16
467 4.44089e-16
468 4.44089e-16
469 4.44089e-16
470 4.44089e-16
471 4.44089e-16
472 4.44089e-16
473 4.44089e-16
474 4.44089e-16
475 4.44089e-16
476 4.44089e-16
477 4.44089e-16
478 4.44089e-16
479 4.44089e-16
480 4.44089e-16
481 4.44089e-16
482 4.44089e-16
483 4.44089e-16
484 4.44089e-16
485 4.44089e-16
486 4.44089e-16
487 4.44089e-16
488 4.44089e-16
489 4.44089e-16
490 4.44089e-16
491 4.44089e-16
492 4.44089e-16
493 4.44089e-16
494 4.44089e-16
495 4.44089e-16
496 4.44089e-16
497 4.44089e-16
498 4.44089e-16
499 4.44089e-16
500 4.44089e-16
501 4.44089e-16
502 4.44089e-16
503 4.44089e-16
504 4.44089e-16
505 4.44089e-16
506 4.44089e-16
507 4.44089e-16
508 4.44089e-16
509 4.44089e-16
510 4.44089e-16
511 4.44089e-16
512 4.44089e-16
513 4.44089e-16
514 4.44089e-16
515 4.44089e-16
516 4.44089e-16
517 4.44089e-16
518 4.44089e-16
519 4.44089e-16
520 4.44089e-16
521 4.44089e-16
522 4.44089e-16
523 4.44089e-16
524 4.44089e-16
525 4.44089e-16
526 4.44089e-16
527 4.44089e-16
528 4.44089e-16
529 4.44089e-16
530 4.44089e-16
531 4.44089e-16
532 4.44089e-16
533 4.44089e-16
534 4.44089e-16
535 4.44089e-16
536 4.44089e-16
537 4.44089e-16
538 4.44089e-16
539 4.44089e-16
540 4.44089e-16
541 4.44089e-16
542 4.44089e-16
543 4.44089e-16
544 4.44089e-16
545 4.44089e-16
546 4.44089e-16
547 4.44089e-16
548 4.44089e-16
549 4.44089e-16
550 4.44089e-16
551 4.44089e-16
552 4.44089e-16
553 4.44089e-16
554 4.44089e-16
555 4.44089e-16
556 4.44089e-16
557 4.44089e-16
558 4.44089e-16
559 4.44089e-16
560 4.44089e-16
561 4.44089e-16
562 4.44089e-16
563 4.44089e-16
564 4.44089e-16
565 4.44089e-16
566 4.44089e-16
567 4.44089e-16
568 4.44089e-16
569 4.44089e-16
570 4.44089e-16
571 4.44089e-16
572 4.44089e-16
573 4.44089e-16
574 4.44089e-16
575 4.44089e-16
576 4.44089e-16
577 4.44089e-16
578 4.44089e-16
579 4.44089e-16
580 4.44089e-16
581 4.44089e-16
582 4.44089e-16
583 4.44089e-16
584 4.44089e-16
585 4.44089e-16
586 4.44089e-16
587 4.44089e-16
588 4.44089e-16
589 4.44089e-16
590 4.44089e-16
591 4.44089e-16
592 4.44089e-16
593 4.44089e-16
594 4.44089e-16
595 4.44089e-16
596 4.44089e-16
597 4.44089e-16
598 4.44089e-16
599 4.44089e-16
600 4.44089e-16
601 4.44089e-16
602 4.44089e-16
603 4.44089e-16
604 4.44089e-16
605 4.44089e-16
606 4.44089e-16
607 4.44089e-16
608 4.44089e-16
609 4.44089e-16
610 4.44089e-16
611 4.44089e-16
612 4.44089e-16
613 4.44089e-16
614 4.44089e-16
615 4.44089e-16
616 4.44089e-16
617 4.44089e-16
618 4.44089e-16
619 4.44089e-16
620 4.44089e-16
621 4.44089e-16
622 4.44089e-16
623 4.44089e-16
624 4.44089e-16
625 4.44089e-16
626 4.44089e-16
627 4.44089e-16
628 4.44089e-16
629 4.44089e-16
630 4.44089e-16
631 4.44089e-16
632 4.44089e-16
633 4.44089e-16
634 4.44089e-16
635 4.44089e-16
636 4.44089e-16
637 4.44089e-16
638 4.44089e-16
639 4.44089e-16
640 4.44089e-16
641 4.44089e-16
642 4.44089e-16
643 4.44089e-16
644 4.44089e-16
645 4.44089e-16
646 4.44089e-16
647 4.44089e-16
648 4.44089e-16
649 4.44089e-16
650 4.44089e-16
651 4.44089e-16
652 4.44089e-16
653 4.44089e-16
654 4.44089e-16
655 4.44089e-16
656 4.44089e-16
657 4.44089e-16
658 4.44089e-16
659 4.44089e-16
660 4.44089e-16
661 4.44089e-16
662 4.44089e-16
663 4.44089e-16
664 4.44089e-16
665 4.44089e-16
666 4.44089e-16
