0 6.34313
1 6.34313
2 3.86054
3 3.86054
4 3.67454
5 3.67454
6 3.67245
7 0.865518
8 0.865518
9 0.865518
10 0.865518
11 0.865518
12 0.865518
13 0.865518
14 0.865518
15 0.865518
16 0.865518
17 0.865518
18 0.865518
19 0.865518
20 0.0215615
21 0.0215615
22 0.0215615
23 0.0215615
24 0.0215615
25 0.0215615
26 0.0215615
27 0.0215615
28 0.0215615
29 0.0215615
30 0.0215615
31 0.0215615
32 0.0215615
33 0.0215615
34 0.0215615
35 0.0215615
36 0.0215615
37 0.0215615
38 0.0215615
39 0.0215615
40 0.0215615
41 0.0215615
42 0.0215615
43 0.0215615
44 0.0215615
45 0.0215615
46 0.0215615
47 0.0215615
48 0.0215615
49 0.0215615
50 0.0215615
51 0.0215615
52 0.0215615
53 0.0215615
54 0.0215615
55 0.0215615
56 0.0215615
57 0.0215615
58 0.0215615
59 0.0215615
60 0.0215615
61 0.0215615
62 0.0215615
63 0.0215615
64 0.0215615
65 0.0215615
66 0.0215615
67 0.0215615
68 0.0215615
69 0.0215615
70 0.0215615
71 0.0215615
72 0.0215615
73 0.0215615
74 0.0215615
75 0.0215615
76 0.0215615
77 0.0215615
78 0.0215615
79 0.0215615
80 0.0215615
81 0.0215615
82 0.0215615
83 0.0215615
84 0.0215615
85 0.0215615
86 0.0215615
87 0.0215615
88 0.0215615
89 0.0215615
90 0.0215615
91 0.0215615
92 0.0215615
93 0.0215615
94 0.0215615
95 0.0215615
96 0.0215615
97 0.0215615
98 0.0215615
99 0.0215615
100 0.0215615
101 0.0215615
102 0.0215615
103 0.0215615
104 0.0215615
105 0.0215615
106 0.0110958
107 0.0110958
108 0.0110958
109 0.0110958
110 0.0110958
111 0.0110958
112 0.0110958
113 0.0110958
114 0.0110958
115 0.0110958
116 0.0110958
117 0.0110958
118 0.0110958
119 0.0110958
120 0.0110958
121 0.0110958
122 0.0110958
123 0.0110958
124 0.0110958
125 0.0110958
126 0.0110958
127 0.0110958
128 0.0110958
129 0.0110958
130 0.0110958
131 0.0110958
132 0.0110958
133 0.00911326
134 0.00455591
135 0.00455591
136 0.00455591
137 0.00455591
138 0.00455591
139 0.00455591
140 0.00455591
141 0.00455591
142 0.00455591
143 0.00455591
144 0.00244881
145 0.00244881
146 0.00244881
147 0.00244881
148 0.00203971
149 0.00203971
150 0.00203971
151 0.00203971
152 0.00203971
153 0.00167804
154 0.00141679
155 0.00141679
156 0.00141679
157 0.00141679
158 0.00141679
159 0.00141679
160 0.00141679
161 0.00141679
162 0.00141679
163 0.00141679
164 0.00141679
165 0.000830983
166 0.000830983
167 0.000830983
168 0.000830983
169 0.000830983
170 0.000830983
171 0.000830983
172 0.000769548
173 0.000769548
174 0.000769548
175 0.000769548
176 0.000632307
177 0.000548241
178 0.000279097
179 0.000279097
180 0.0002124
181 0.0002124
182 0.000171421
183 0.000171421
184 0.000171421
185 0.000171421
186 0.000171421
187 0.000171421
188 0.000171421
189 0.00015534
190 0.000148198
191 0.000148198
192 0.000138337
193 0.000138337
194 0.000122005
195 0.000122005
196 0.000117046
197 8.06459e-05
198 8.06459e-05
199 7.02848e-05
200 7.02848e-05
201 7.02848e-05
202 7.02848e-05
203 7.02848e-05
204 7.02848e-05
205 7.02848e-05
206 6.44544e-05
207 6.44544e-05
208 6.18613e-05
209 6.18613e-05
210 6.18613e-05
211 4.91856e-05
212 4.67633e-05
213 3.60391e-05
214 3.14175e-05
215 1.98869e-05
216 1.18378e-05
217 7.08604e-06
218 6.1023e-06
219 6.1023e-06
220 5.61958e-06
221 5.34769e-06
222 5.34769e-06
223 5.31891e-06
224 5.18377e-06
225 5.18377e-06
226 5.18377e-06
227 5.18377e-06
228 5.18377e-06
229 5.16735e-06
230 1.70335e-06
231 1.70335e-06
232 1.03459e-06
233 1.03459e-06
234 1.03459e-06
235 1.03459e-06
236 2.87675e-07
237 2.87675e-07
238 2.87675e-07
239 2.87675e-07
240 2.87675e-07
241 2.87675e-07
242 2.87675e-07
243 2.87675e-07
244 2.87675e-07
245 2.87675e-07
246 2.87675e-07
247 2.87675e-07
248 2.87675e-07
249 2.47858e-07
250 3.86613e-08
251 3.86613e-08
252 3.66334e-08
253 3.66334e-08
254 3.66334e-08
255 3.66334e-08
256 3.66334e-08
257 3.66334e-08
258 2.79128e-08
259 2.79128e-08
260 2.79128e-08
261 2.79128e-08
262 2.66749e-08
263 2.66749e-08
264 2.66749e-08
265 2.66749e-08
266 2.66749e-08
267 2.61738e-08
268 2.5792e-08
269 2.5792e-08
270 2.5792e-08
271 2.57789e-08
272 2.57789e-08
273 2.57789e-08
274 2.57789e-08
275 2.5751e-08
276 2.57455e-08
277 1.45907e-08
278 1.45907e-08
279 1.60032e-09
280 1.60032e-09
281 1.60032e-09
282 1.60032e-09
283 1.60032e-09
284 1.60032e-09
285 1.60032e-09
286 1.60032e-09
287 1.60032e-09
288 1.60032e-09
289 1.60032e-09
290 1.60032e-09
291 1.60032e-09
292 1.60032e-09
293 1.60032e-09
294 1.60032e-09
295 9.36251e-10
296 8.88637e-10
297 8.88637e-10
298 7.60668e-10
299 7.60668e-10
300 6.91639e-10
301 5.29209e-10
302 4.45507e-10
303 4.08761e-10
304 3.95702e-10
305 3.92803e-10
306 3.92803e-10
307 3.92803e-10
308 3.54178e-10
309 2.39858e-10
310 2.17689e-10
311 2.17689e-10
312 2.17689e-10
313 1.36855e-10
314 1.36855e-10
315 1.36855e-10
316 5.4865e-11
317 5.4865e-11
318 5.4865e-11
319 3.82347e-11
320 2.82658e-11
321 2.82658e-11
322 1.26694e-11
323 8.29958e-12
324 8.29958e-12
325 4.67226e-12
326 1.60272e-12
327 1.60272e-12
328 1.56009e-12
329 1.56009e-12
330 1.56009e-12
331 1.32561e-12
332 1.32561e-12
333 2.52687e-13
334 2.52687e-13
335 2.52687e-13
336 2.52687e-13
337 1.92291e-13
338 1.92291e-13
339 1.92291e-13
340 1.92291e-13
341 1.92291e-13
342 1.92291e-13
343 1.92291e-13
344 1.92291e-13
345 1.92291e-13
346 7.86038e-14
347 7.86038e-14
348 7.50511e-14
349 7.50511e-14
350 7.50511e-14
351 3.24185e-14
352 3.24185e-14
353 3.24185e-14
354 1.82077e-14
355 1.82077e-14
356 1.82077e-14
357 7.54952e-15
358 7.54952e-15
359 7.54952e-15
360 7.54952e-15
361 7.54952e-15
362 7.54952e-15
363 7.54952e-15
364 7.54952e-15
365 7.54952e-15
366 7.54952e-15
367 7.54952e-15
368 7.54952e-15
369 7.54952e-15
370 7.54952e-15
371 7.54952e-15
372 7.54952e-15
373 7.54952e-15
374 7.54952e-15
375 7.54952e-15
376 7.54952e-15
377 7.54952e-15
378 7.54952e-15
379 7.54952e-15
380 3.9968e-15
381 3.9968e-15
382 3.9968e-15
383 3.9968e-15
384 3.9968e-15
385 3.9968e-15
386 3.9968e-15
387 3.9968e-15
388 3.9968e-15
389 3.9968e-15
390 3.9968e-15
391 3.9968e-15
392 3.9968e-15
393 3.9968e-15
394 3.9968e-15
395 3.9968e-15
396 3.9968e-15
397 3.9968e-15
398 3.9968e-15
399 3.9968e-15
400 3.9968e-15
401 3.9968e-15
402 3.9968e-15
403 3.9968e-15
404 3.9968e-15
405 3.9968e-15
406 3.9968e-15
407 3.9968e-15
408 3.9968e-15
409 3.9968e-15
410 3.9968e-15
411 3.9968e-15
412 3.9968e-15
413 3.9968e-15
414 4.44089e-16
415 4.44089e-16
416 4.44089e-16
417 4.44089e-16
418 4.44089e-16
419 4.44089e-16
420 4.44089e-16
421 4.44089e-16
422 4.44089e-16
423 4.44089e-16
424 4.44089e-16
425 4.44089e-16
426 4.44089e-16
427 4.44089e-16
428 4.44089e-16
429 4.44089e-16
430 4.44089e-16
431 4.44089e-16
432 4.44089e-16
433 4.44089e-16
434 4.44089e-16
435 4.44089e-16
436 4.44089e-16
437 4.44089e-16
438 4.44089e-16
439 4.44089e-16
440 4.44089e-16
441 4.44089e-16
442 4.44089e-16
443 4.44089e-16
444 4.44089e-16
445 4.44089e-16
446 4.44089e-16
447 4.44089e-16
448 4.44089e-16
449 4.44089e-16
450 4.44089e-16
451 4.44089e-16
452 4.44089e-16
453 4.44089e-16
454 4.44089e-16
455 4.44089e-16
456 4.44089e-16
457 4.44089e-16
458 4.44089e-16
459 4.44089e-16
460 4.44089e-16
461 4.44089e-16
462 4.44089e-16
463 4.44089e-16
464 4.44089e-16
465 4.44089e-16
466 4.44089e-16
467 4.44089e-16
468 4.44089e-16
469 4.44089e-16
470 4.44089e-16
471 4.44089e-16
472 4.44089e-16
473 4.44089e-16
474 4.44089e-16
475 4.44089e-16
476 4.44089e-16
477 4.44089e-16
478 4.44089e-16
479 4.44089e-16
480 4.44089e-16
481 4.44089e-16
482 4.44089e-16
483 4.44089e-16
484 4.44089e-16
485 4.44089e-16
486 4.44089e-16
487 4.44089e-16
488 4.44089e-16
489 4.44089e-16
490 4.44089e-16
491 4.44089e-16
492 4.44089e-16
493 4.44089e-16
494 4.44089e-16
495 4.44089e-16
496 4.44089e-16
497 4.44089e-16
498 4.44089e-16
499 4.44089e-16
500 4.44089e-16
501 4.44089e-16
502 4.44089e-16
503 4.44089e-16
504 4.44089e-16
505 4.44089e-16
506 4.44089e-16
507 4.44089e-16
508 4.44089e-16
509 4.44089e-16
510 4.44089e-16
511 4.44089e-16
512 4.44089e-16
513 4.44089e-16
514 4.44089e-16
515 4.44089e-16
516 4.44089e-16
517 4.44089e-16
518 4.44089e-16
519 4.44089e-16
520 4.44089e-16
521 4.44089e-16
522 4.44089e-16
523 4.44089e-16
524 4.44089e-16
525 4.44089e-16
526 4.44089e-16
527 4.44089e-16
528 4.44089e-16
529 4.44089e-16
530 4.44089e-16
531 4.44089e-16
532 4.44089e-16
533 4.44089e-16
534 4.44089e-16
535 4.44089e-16
536 4.44089e-16
537 4.44089e-16
538 4.44089e-16
539 4.44089e-16
540 4.44089e-16
541 4.44089e-16
542 4.44089e-16
543 4.44089e-16
544 4.44089e-16
545 4.44089e-16
546 4.44089e-16
547 4.44089e-16
548 4.44089e-16
549 4.44089e-16
550 4.44089e-16
551 4.44089e-16
552 4.44089e-16
553 4.44089e-16
554 4.44089e-16
555 4.44089e-16
556 4.44089e-16
557 4.44089e-16
558 4.44089e-16
559 4.44089e-16
560 4.44089e-16
561 4.44089e-16
562 4.44089e-16
563 4.44089e-16
564 4.44089e-16
565 4.44089e-16
566 4.44089e-16
567 4.44089e-16
568 4.44089e-16
569 4.44089e-16
570 4.44089e-16
571 4.44089e-16
572 4.44089e-16
573 4.44089e-16
574 4.44089e-16
575 4.44089e-16
576 4.44089e-16
577 4.44089e-16
578 4.44089e-16
579 4.44089e-16
580 4.44089e-16
581 4.44089e-16
582 4.44089e-16
583 4.44089e-16
584 4.44089e-16
585 4.44089e-16
586 4.44089e-16
587 4.44089e-16
588 4.44089e-16
589 4.44089e-16
590 4.44089e-16
591 4.44089e-16
592 4.44089e-16
593 4.44089e-16
594 4.44089e-16
595 4.44089e-16
596 4.44089e-16
597 4.44089e-16
598 4.44089e-16
599 4.44089e-16
600 4.44089e-16
601 4.44089e-16
602 4.44089e-16
603 4.44089e-16
604 4.44089e-16
605 4.44089e-16
606 4.44089e-16
607 4.44089e-16
608 4.44089e-16
609 4.44089e-16
610 4.44089e-16
611 4.44089e-16
612 4.44089e-16
613 4.44089e-16
614 4.44089e-16
615 4.44089e-16
616 4.44089e-16
617 4.44089e-16
618 4.44089e-16
619 4.44089e-16
620 4.44089e-16
621 4.44089e-16
622 4.44089e-16
623 4.44089e-16
624 4.44089e-16
625 4.44089e-16
626 4.44089e-16
627 4.44089e-16
628 4.44089e-16
629 4.44089e-16
630 4.44089e-16
631 4.44089e-16
632 4.44089e-16
633 4.44089e-16
634 4.44089e-16
635 4.44089e-16
636 4.44089e-16
637 4.44089e-16
638 4.44089e-16
639 4.44089e-16
640 4.44089e-16
641 4.44089e-16
642 4.44089e-16
643 4.44089e-16
644 4.44089e-16
645 4.44089e-16
646 4.44089e-16
647 4.44089e-16
648 4.44089e-16
649 4.44089e-16
650 4.44089e-16
651 4.44089e-16
652 4.44089e-16
653 4.44089e-16
654 4.44089e-16
655 4.44089e-16
656 4.44089e-16
657 4.44089e-16
658 4.44089e-16
659 4.44089e-16
660 4.44089e-16
661 4.44089e-16
662 4.44089e-16
663 4.44089e-16
664 4.44089e-16
665 4.44089e-16
666 4.44089e-16
