0 11.9055
1 11.9055
2 11.9055
3 6.48237
4 6.48237
5 6.48237
6 6.48237
7 6.48237
8 6.48237
9 6.48237
10 6.48237
11 4.42548
12 4.42548
13 4.42548
14 4.42548
15 4.42548
16 4.42548
17 3.67445
18 3.27554
19 3.27554
20 3.27554
21 1.94368
22 1.94368
23 1.94368
24 1.94368
25 1.94368
26 1.94368
27 1.94368
28 1.94368
29 1.94368
30 1.94368
31 1.94368
32 1.94368
33 1.94368
34 1.94368
35 1.94368
36 1.94368
37 1.94368
38 1.94368
39 1.94368
40 1.94368
41 1.94368
42 1.80975
43 1.80975
44 1.80975
45 1.80975
46 1.80022
47 1.80022
48 1.80022
49 1.80022
50 1.80022
51 1.80022
52 1.80022
53 1.80022
54 1.80022
55 1.80022
56 1.80022
57 1.80022
58 1.80022
59 1.80022
60 1.80022
61 1.80022
62 1.80022
63 1.80022
64 1.80022
65 0.433982
66 0.365068
67 0.365068
68 0.365068
69 0.365068
70 0.365068
71 0.365068
72 0.365068
73 0.365068
74 0.365068
75 0.365068
76 0.365068
77 0.365068
78 0.365068
79 0.0776743
80 0.0776743
81 0.0776743
82 0.0776743
83 0.0776743
84 0.0776743
85 0.0776743
86 0.0425834
87 0.0425834
88 0.0425834
89 0.0425834
90 0.0425834
91 0.0425834
92 0.0425834
93 0.0425834
94 0.0425834
95 0.0425834
96 0.0425834
97 0.0425834
98 0.0425834
99 0.0425834
100 0.0425834
101 0.0361228
102 0.0361228
103 0.0361228
104 0.0361228
105 0.0361228
106 0.0361228
107 0.0361228
108 0.0361228
109 0.0361228
110 0.0216707
111 0.0216707
112 0.0216707
113 0.0216707
114 0.0177817
115 0.0177817
116 0.0177817
117 0.0177817
118 0.00659704
119 0.00659704
120 0.0035607
121 0.0035607
122 0.0035607
123 0.0035607
124 0.0035607
125 0.0035607
126 0.0035607
127 0.0035607
128 0.0035607
129 0.0035607
130 0.0035607
131 0.0035607
132 0.0035607
133 0.0035607
134 0.0035607
135 0.0035607
136 0.0035607
137 0.0035607
138 0.0035607
139 0.0035607
140 0.0035607
141 0.0035607
142 0.0035607
143 0.0035607
144 0.0035607
145 0.0035607
146 0.0035607
147 0.0035607
148 0.0035607
149 0.0035607
150 0.0035607
151 0.0035607
152 0.0035607
153 0.0035607
154 0.0035607
155 0.0035607
156 0.0035607
157 0.0035607
158 0.00287549
159 0.00287549
160 0.00287549
161 0.00287549
162 0.00265315
163 0.00151252
164 0.00151252
165 0.000894612
166 0.000894612
167 0.000894612
168 0.000894612
169 0.000894612
170 0.000894612
171 0.000894612
172 0.000687935
173 0.000679085
174 0.000679085
175 0.000679085
176 0.000512872
177 0.000487104
178 0.000487104
179 0.000487104
180 0.000463067
181 0.000463067
182 0.000453076
183 0.000453076
184 0.000453076
185 0.000421631
186 0.000421631
187 0.000264049
188 0.000154221
189 0.000154221
190 0.000154221
191 0.000154221
192 0.000154221
193 0.000154221
194 0.000154221
195 0.000154221
196 0.000138086
197 0.00011031
198 0.00011031
199 0.00011031
200 0.00011031
201 8.12357e-05
202 8.12357e-05
203 8.12357e-05
204 8.12357e-05
205 8.12357e-05
206 8.12357e-05
207 7.79657e-05
208 7.79657e-05
209 1.65354e-05
210 1.65354e-05
211 1.65354e-05
212 1.65354e-05
213 1.65354e-05
214 1.65354e-05
215 1.65354e-05
216 1.65354e-05
217 9.88358e-06
218 9.88358e-06
219 9.88358e-06
220 6.72589e-06
221 6.72589e-06
222 6.72589e-06
223 6.72589e-06
224 6.72589e-06
225 6.72589e-06
226 6.72589e-06
227 6.72589e-06
228 6.72589e-06
229 6.72589e-06
230 6.72589e-06
231 1.80947e-06
232 1.80947e-06
233 1.80947e-06
234 1.80947e-06
235 1.80947e-06
236 1.80947e-06
237 1.80947e-06
238 1.80947e-06
239 1.80947e-06
240 1.80947e-06
241 1.80947e-06
242 1.80947e-06
243 1.80947e-06
244 1.80947e-06
245 1.80947e-06
246 1.80947e-06
247 1.71273e-06
248 1.71273e-06
249 1.65838e-06
250 1.65838e-06
251 1.3397e-07
252 1.3397e-07
253 1.3397e-07
254 1.3397e-07
255 1.3397e-07
256 1.3397e-07
257 1.3397e-07
258 1.3397e-07
259 1.3397e-07
260 1.3397e-07
261 1.3397e-07
262 1.3397e-07
263 1.3397e-07
264 1.3397e-07
265 1.3397e-07
266 1.3397e-07
267 1.3397e-07
268 1.3397e-07
269 7.19966e-08
270 7.19966e-08
271 7.19966e-08
272 7.19966e-08
273 7.19966e-08
274 4.15869e-08
275 4.15869e-08
276 1.62445e-08
277 1.62445e-08
278 1.62445e-08
279 1.62445e-08
280 1.62445e-08
281 1.62445e-08
282 1.62445e-08
283 1.62445e-08
284 1.60053e-08
285 1.60053e-08
286 1.60053e-08
287 1.60053e-08
288 1.11964e-08
289 1.11964e-08
290 1.11964e-08
291 8.49466e-09
292 8.49466e-09
293 8.49466e-09
294 4.58124e-09
295 4.58124e-09
296 4.58124e-09
297 1.90845e-09
298 1.90845e-09
299 1.90845e-09
300 1.90845e-09
301 1.75577e-09
302 1.01662e-09
303 5.36712e-10
304 5.36712e-10
305 5.36712e-10
306 1.26516e-10
307 1.26516e-10
308 1.11005e-10
309 1.11005e-10
310 1.11005e-10
311 1.11005e-10
312 1.11005e-10
313 1.11005e-10
314 1.11005e-10
315 3.16622e-11
316 3.16622e-11
317 2.61733e-11
318 2.61733e-11
319 2.56724e-11
320 2.56724e-11
321 2.56724e-11
322 1.23852e-11
323 1.02038e-11
324 1.02038e-11
325 1.02038e-11
326 8.10063e-12
327 8.10063e-12
328 8.10063e-12
329 8.10063e-12
330 7.13074e-12
331 7.13074e-12
332 7.13074e-12
333 7.13074e-12
334 7.13074e-12
335 7.13074e-12
336 7.13074e-12
337 7.13074e-12
338 7.13074e-12
339 7.0739e-12
340 7.0739e-12
341 7.0739e-12
342 7.0739e-12
343 7.0739e-12
344 3.08775e-12
345 3.08775e-12
346 3.08775e-12
347 2.55485e-12
348 1.96865e-12
349 1.7768e-12
350 7.39409e-13
351 7.39409e-13
352 7.39409e-13
353 3.45057e-13
354 3.45057e-13
355 3.45057e-13
356 3.45057e-13
357 8.57092e-14
358 8.57092e-14
359 8.57092e-14
360 8.57092e-14
361 6.43929e-14
362 6.43929e-14
363 6.43929e-14
364 6.43929e-14
365 5.01821e-14
366 1.46549e-14
367 1.46549e-14
368 1.46549e-14
369 1.46549e-14
370 1.46549e-14
371 1.46549e-14
372 1.46549e-14
373 1.46549e-14
374 1.46549e-14
375 1.46549e-14
376 1.46549e-14
377 1.46549e-14
378 1.46549e-14
379 1.46549e-14
380 1.46549e-14
381 1.46549e-14
382 1.46549e-14
383 1.46549e-14
384 1.46549e-14
385 1.46549e-14
386 1.46549e-14
387 7.54952e-15
388 7.54952e-15
389 7.54952e-15
390 7.54952e-15
391 3.9968e-15
392 3.9968e-15
393 3.9968e-15
394 3.9968e-15
395 3.9968e-15
396 4.44089e-16
397 4.44089e-16
398 4.44089e-16
399 4.44089e-16
400 4.44089e-16
401 4.44089e-16
402 4.44089e-16
403 4.44089e-16
404 4.44089e-16
405 4.44089e-16
406 4.44089e-16
407 4.44089e-16
408 4.44089e-16
409 4.44089e-16
410 4.44089e-16
411 4.44089e-16
412 4.44089e-16
413 4.44089e-16
414 4.44089e-16
415 4.44089e-16
416 4.44089e-16
417 4.44089e-16
418 4.44089e-16
419 4.44089e-16
420 4.44089e-16
421 4.44089e-16
422 4.44089e-16
423 4.44089e-16
424 4.44089e-16
425 4.44089e-16
426 4.44089e-16
427 4.44089e-16
428 4.44089e-16
429 4.44089e-16
430 4.44089e-16
431 4.44089e-16
432 4.44089e-16
433 4.44089e-16
434 4.44089e-16
435 4.44089e-16
436 4.44089e-16
437 4.44089e-16
438 4.44089e-16
439 4.44089e-16
440 4.44089e-16
441 4.44089e-16
442 4.44089e-16
443 4.44089e-16
444 4.44089e-16
445 4.44089e-16
446 4.44089e-16
447 4.44089e-16
448 4.44089e-16
449 4.44089e-16
450 4.44089e-16
451 4.44089e-16
452 4.44089e-16
453 4.44089e-16
454 4.44089e-16
455 4.44089e-16
456 4.44089e-16
457 4.44089e-16
458 4.44089e-16
459 4.44089e-16
460 4.44089e-16
461 4.44089e-16
462 4.44089e-16
463 4.44089e-16
464 4.44089e-16
465 4.44089e-16
466 4.44089e-16
467 4.44089e-16
468 4.44089e-16
469 4.44089e-16
470 4.44089e-16
471 4.44089e-16
472 4.44089e-16
473 4.44089e-16
474 4.44089e-16
475 4.44089e-16
476 4.44089e-16
477 4.44089e-16
478 4.44089e-16
479 4.44089e-16
480 4.44089e-16
481 4.44089e-16
482 4.44089e-16
483 4.44089e-16
484 4.44089e-16
485 4.44089e-16
486 4.44089e-16
487 4.44089e-16
488 4.44089e-16
489 4.44089e-16
490 4.44089e-16
491 4.44089e-16
492 4.44089e-16
493 4.44089e-16
494 4.44089e-16
495 4.44089e-16
496 4.44089e-16
497 4.44089e-16
498 4.44089e-16
499 4.44089e-16
500 4.44089e-16
501 4.44089e-16
502 4.44089e-16
503 4.44089e-16
504 4.44089e-16
505 4.44089e-16
506 4.44089e-16
507 4.44089e-16
508 4.44089e-16
509 4.44089e-16
510 4.44089e-16
511 4.44089e-16
512 4.44089e-16
513 4.44089e-16
514 4.44089e-16
515 4.44089e-16
516 4.44089e-16
517 4.44089e-16
518 4.44089e-16
519 4.44089e-16
520 4.44089e-16
521 4.44089e-16
522 4.44089e-16
523 4.44089e-16
524 4.44089e-16
525 4.44089e-16
526 4.44089e-16
527 4.44089e-16
528 4.44089e-16
529 4.44089e-16
530 4.44089e-16
531 4.44089e-16
532 4.44089e-16
533 4.44089e-16
534 4.44089e-16
535 4.44089e-16
536 4.44089e-16
537 4.44089e-16
538 4.44089e-16
539 4.44089e-16
540 4.44089e-16
541 4.44089e-16
542 4.44089e-16
543 4.44089e-16
544 4.44089e-16
545 4.44089e-16
546 4.44089e-16
547 4.44089e-16
548 4.44089e-16
549 4.44089e-16
550 4.44089e-16
551 4.44089e-16
552 4.44089e-16
553 4.44089e-16
554 4.44089e-16
555 4.44089e-16
556 4.44089e-16
557 4.44089e-16
558 4.44089e-16
559 4.44089e-16
560 4.44089e-16
561 4.44089e-16
562 4.44089e-16
563 4.44089e-16
564 4.44089e-16
565 4.44089e-16
566 4.44089e-16
567 4.44089e-16
568 4.44089e-16
569 4.44089e-16
570 4.44089e-16
571 4.44089e-16
572 4.44089e-16
573 4.44089e-16
574 4.44089e-16
575 4.44089e-16
576 4.44089e-16
577 4.44089e-16
578 4.44089e-16
579 4.44089e-16
580 4.44089e-16
581 4.44089e-16
582 4.44089e-16
583 4.44089e-16
584 4.44089e-16
585 4.44089e-16
586 4.44089e-16
587 4.44089e-16
588 4.44089e-16
589 4.44089e-16
590 4.44089e-16
591 4.44089e-16
592 4.44089e-16
593 4.44089e-16
594 4.44089e-16
595 4.44089e-16
596 4.44089e-16
597 4.44089e-16
598 4.44089e-16
599 4.44089e-16
600 4.44089e-16
601 4.44089e-16
602 4.44089e-16
603 4.44089e-16
604 4.44089e-16
605 4.44089e-16
606 4.44089e-16
607 4.44089e-16
608 4.44089e-16
609 4.44089e-16
610 4.44089e-16
611 4.44089e-16
612 4.44089e-16
613 4.44089e-16
614 4.44089e-16
615 4.44089e-16
616 4.44089e-16
617 4.44089e-16
618 4.44089e-16
619 4.44089e-16
620 4.44089e-16
621 4.44089e-16
622 4.44089e-16
623 4.44089e-16
624 4.44089e-16
625 4.44089e-16
626 4.44089e-16
627 4.44089e-16
628 4.44089e-16
629 4.44089e-16
630 4.44089e-16
631 4.44089e-16
632 4.44089e-16
633 4.44089e-16
634 4.44089e-16
635 4.44089e-16
636 4.44089e-16
637 4.44089e-16
638 4.44089e-16
639 4.44089e-16
640 4.44089e-16
641 4.44089e-16
642 4.44089e-16
643 4.44089e-16
644 4.44089e-16
645 4.44089e-16
646 4.44089e-16
647 4.44089e-16
648 4.44089e-16
649 4.44089e-16
650 4.44089e-16
651 4.44089e-16
652 4.44089e-16
653 4.44089e-16
654 4.44089e-16
655 4.44089e-16
656 4.44089e-16
657 4.44089e-16
658 4.44089e-16
659 4.44089e-16
660 4.44089e-16
661 4.44089e-16
662 4.44089e-16
663 4.44089e-16
664 4.44089e-16
665 4.44089e-16
666 4.44089e-16
