0 6.54731
1 6.15474
2 5.97193
3 5.97193
4 5.97193
5 5.97193
6 5.97193
7 3.69408
8 3.69408
9 3.69408
10 2.85452
11 2.85452
12 2.85452
13 2.85452
14 2.85452
15 2.85452
16 2.85452
17 2.85452
18 2.85452
19 2.40327
20 2.40327
21 2.40327
22 2.40327
23 2.40327
24 2.40327
25 2.40327
26 0.231124
27 0.231124
28 0.231124
29 0.231124
30 0.231124
31 0.231124
32 0.231124
33 0.231124
34 0.231124
35 0.231124
36 0.231124
37 0.231124
38 0.231124
39 0.231124
40 0.231124
41 0.231124
42 0.231124
43 0.231124
44 0.231124
45 0.231124
46 0.231124
47 0.231124
48 0.231124
49 0.231124
50 0.231124
51 0.231124
52 0.231124
53 0.231124
54 0.231124
55 0.231124
56 0.231124
57 0.231124
58 0.231124
59 0.231124
60 0.231124
61 0.231124
62 0.231124
63 0.231124
64 0.206573
65 0.206573
66 0.206573
67 0.206573
68 0.206573
69 0.206573
70 0.206573
71 0.206573
72 0.206573
73 0.206573
74 0.206573
75 0.206573
76 0.206573
77 0.206573
78 0.206573
79 0.206573
80 0.206573
81 0.206573
82 0.206573
83 0.206573
84 0.206573
85 0.206573
86 0.184651
87 0.184651
88 0.160633
89 0.0429811
90 0.0429811
91 0.0429811
92 0.0429811
93 0.0429811
94 0.0429811
95 0.0429811
96 0.0429811
97 0.0429811
98 0.0429811
99 0.0429811
100 0.0429811
101 0.0429811
102 0.0429811
103 0.0329022
104 0.0329022
105 0.0329022
106 0.0329022
107 0.0329022
108 0.0329022
109 0.0329022
110 0.0329022
111 0.0329022
112 0.0329022
113 0.0329022
114 0.0329022
115 0.0329022
116 0.0314435
117 0.0314435
118 0.0314435
119 0.0314435
120 0.0314435
121 0.0314435
122 0.0258957
123 0.0194075
124 0.0194075
125 0.0194075
126 0.0174649
127 0.0174649
128 0.0174649
129 0.0174649
130 0.0174649
131 0.0174649
132 0.0174649
133 0.0174649
134 0.0174649
135 0.0162195
136 0.0106743
137 0.0100831
138 0.0100831
139 0.0100831
140 0.00761321
141 0.00761321
142 0.00761321
143 0.00761321
144 0.00761321
145 0.00761321
146 0.00311908
147 0.00311908
148 0.00130817
149 0.00130817
150 0.00130817
151 0.00130817
152 0.00130817
153 0.00130817
154 0.00130817
155 0.00130817
156 0.00130817
157 0.000834663
158 0.000834663
159 0.000834663
160 0.000834663
161 0.000834663
162 0.000834663
163 0.000834663
164 0.000834663
165 0.000834663
166 0.000834663
167 0.000661475
168 0.000588403
169 0.000588403
170 0.000588403
171 0.000197179
172 0.000197179
173 0.000197179
174 0.000197179
175 0.000197179
176 0.000197179
177 0.000197179
178 0.000197179
179 9.6509e-05
180 9.6509e-05
181 9.6509e-05
182 9.6509e-05
183 9.6509e-05
184 9.6509e-05
185 9.6509e-05
186 9.6509e-05
187 9.6509e-05
188 9.6509e-05
189 9.6509e-05
190 9.6509e-05
191 9.6509e-05
192 9.6509e-05
193 9.6509e-05
194 9.6509e-05
195 9.6509e-05
196 9.6509e-05
197 9.6509e-05
198 9.6509e-05
199 9.6509e-05
200 9.6509e-05
201 9.6509e-05
202 9.6509e-05
203 7.08539e-05
204 7.08539e-05
205 4.37814e-05
206 4.28934e-05
207 4.28934e-05
208 4.28934e-05
209 4.28934e-05
210 4.28934e-05
211 4.28934e-05
212 4.28934e-05
213 2.49495e-05
214 2.49495e-05
215 2.49495e-05
216 2.49495e-05
217 1.28845e-05
218 1.28845e-05
219 1.28845e-05
220 1.28845e-05
221 1.28845e-05
222 1.28845e-05
223 1.28845e-05
224 1.28845e-05
225 1.28845e-05
226 1.28845e-05
227 1.28845e-05
228 6.40066e-06
229 6.40066e-06
230 6.40066e-06
231 6.40066e-06
232 6.40066e-06
233 6.40066e-06
234 6.40066e-06
235 6.40066e-06
236 2.78476e-06
237 2.78476e-06
238 2.78476e-06
239 2.21332e-06
240 1.91015e-06
241 1.91015e-06
242 1.91015e-06
243 1.91015e-06
244 1.91015e-06
245 1.76214e-06
246 1.76214e-06
247 1.76214e-06
248 2.79099e-07
249 2.79099e-07
250 2.79099e-07
251 2.79099e-07
252 2.79099e-07
253 2.79099e-07
254 2.79099e-07
255 2.79099e-07
256 2.79099e-07
257 2.79099e-07
258 2.79099e-07
259 2.73204e-07
260 1.24261e-07
261 1.24261e-07
262 1.24261e-07
263 1.06589e-07
264 9.71453e-08
265 9.4108e-08
266 9.39466e-08
267 9.39466e-08
268 9.39466e-08
269 9.32367e-08
270 9.29991e-08
271 9.29706e-08
272 8.42369e-08
273 8.42369e-08
274 8.42369e-08
275 8.2381e-08
276 8.2381e-08
277 8.23226e-08
278 7.4239e-08
279 2.00874e-08
280 2.00874e-08
281 2.00874e-08
282 1.22273e-08
283 1.22273e-08
284 1.02817e-08
285 1.02817e-08
286 4.97139e-09
287 4.97139e-09
288 4.97139e-09
289 2.35781e-09
290 2.35781e-09
291 2.35781e-09
292 2.35781e-09
293 2.35781e-09
294 2.35781e-09
295 2.35781e-09
296 2.35781e-09
297 2.35781e-09
298 2.35781e-09
299 2.35781e-09
300 2.35781e-09
301 2.35781e-09
302 1.76626e-09
303 1.74748e-09
304 1.67304e-09
305 9.42585e-10
306 4.10644e-10
307 1.16427e-11
308 1.16427e-11
309 1.16427e-11
310 1.16427e-11
311 1.16427e-11
312 1.16427e-11
313 1.16427e-11
314 1.16427e-11
315 1.16427e-11
316 1.16427e-11
317 1.16427e-11
318 1.16427e-11
319 1.16427e-11
320 1.16427e-11
321 1.16427e-11
322 1.16427e-11
323 7.50378e-12
324 7.50378e-12
325 7.50378e-12
326 7.50378e-12
327 7.50378e-12
328 7.50378e-12
329 7.50378e-12
330 7.50378e-12
331 4.23173e-12
332 3.04157e-12
333 3.04157e-12
334 3.04157e-12
335 3.04157e-12
336 3.04157e-12
337 1.71996e-12
338 1.71996e-12
339 1.71996e-12
340 1.71996e-12
341 1.71996e-12
342 1.71996e-12
343 1.71996e-12
344 1.71996e-12
345 1.71996e-12
346 1.71996e-12
347 1.71996e-12
348 1.71996e-12
349 1.42863e-12
350 6.89671e-13
351 1.95843e-13
352 1.95843e-13
353 6.08402e-14
354 6.08402e-14
355 6.08402e-14
356 6.08402e-14
357 6.08402e-14
358 6.08402e-14
359 2.53131e-14
360 2.53131e-14
361 2.53131e-14
362 2.53131e-14
363 2.53131e-14
364 2.53131e-14
365 1.11022e-14
366 1.11022e-14
367 1.11022e-14
368 1.11022e-14
369 1.11022e-14
370 7.54952e-15
371 7.54952e-15
372 7.54952e-15
373 7.54952e-15
374 3.9968e-15
375 3.9968e-15
376 3.9968e-15
377 3.9968e-15
378 3.9968e-15
379 3.9968e-15
380 3.9968e-15
381 3.9968e-15
382 3.9968e-15
383 3.9968e-15
384 3.9968e-15
385 3.9968e-15
386 3.9968e-15
387 3.9968e-15
388 3.9968e-15
389 3.9968e-15
390 4.44089e-16
391 4.44089e-16
392 4.44089e-16
393 4.44089e-16
394 4.44089e-16
395 4.44089e-16
396 4.44089e-16
397 4.44089e-16
398 4.44089e-16
399 4.44089e-16
400 4.44089e-16
401 4.44089e-16
402 4.44089e-16
403 4.44089e-16
404 4.44089e-16
405 4.44089e-16
406 4.44089e-16
407 4.44089e-16
408 4.44089e-16
409 4.44089e-16
410 4.44089e-16
411 4.44089e-16
412 4.44089e-16
413 4.44089e-16
414 4.44089e-16
415 4.44089e-16
416 4.44089e-16
417 4.44089e-16
418 4.44089e-16
419 4.44089e-16
420 4.44089e-16
421 4.44089e-16
422 4.44089e-16
423 4.44089e-16
424 4.44089e-16
425 4.44089e-16
426 4.44089e-16
427 4.44089e-16
428 4.44089e-16
429 4.44089e-16
430 4.44089e-16
431 4.44089e-16
432 4.44089e-16
433 4.44089e-16
434 4.44089e-16
435 4.44089e-16
436 4.44089e-16
437 4.44089e-16
438 4.44089e-16
439 4.44089e-16
440 4.44089e-16
441 4.44089e-16
442 4.44089e-16
443 4.44089e-16
444 4.44089e-16
445 4.44089e-16
446 4.44089e-16
447 4.44089e-16
448 4.44089e-16
449 4.44089e-16
450 4.44089e-16
451 4.44089e-16
452 4.44089e-16
453 4.44089e-16
454 4.44089e-16
455 4.44089e-16
456 4.44089e-16
457 4.44089e-16
458 4.44089e-16
459 4.44089e-16
460 4.44089e-16
461 4.44089e-16
462 4.44089e-16
463 4.44089e-16
464 4.44089e-16
465 4.44089e-16
466 4.44089e-16
467 4.44089e-16
468 4.44089e-16
469 4.44089e-16
470 4.44089e-16
471 4.44089e-16
472 4.44089e-16
473 4.44089e-16
474 4.44089e-16
475 4.44089e-16
476 4.44089e-16
477 4.44089e-16
478 4.44089e-16
479 4.44089e-16
480 4.44089e-16
481 4.44089e-16
482 4.44089e-16
483 4.44089e-16
484 4.44089e-16
485 4.44089e-16
486 4.44089e-16
487 4.44089e-16
488 4.44089e-16
489 4.44089e-16
490 4.44089e-16
491 4.44089e-16
492 4.44089e-16
493 4.44089e-16
494 4.44089e-16
495 4.44089e-16
496 4.44089e-16
497 4.44089e-16
498 4.44089e-16
499 4.44089e-16
500 4.44089e-16
501 4.44089e-16
502 4.44089e-16
503 4.44089e-16
504 4.44089e-16
505 4.44089e-16
506 4.44089e-16
507 4.44089e-16
508 4.44089e-16
509 4.44089e-16
510 4.44089e-16
511 4.44089e-16
512 4.44089e-16
513 4.44089e-16
514 4.44089e-16
515 4.44089e-16
516 4.44089e-16
517 4.44089e-16
518 4.44089e-16
519 4.44089e-16
520 4.44089e-16
521 4.44089e-16
522 4.44089e-16
523 4.44089e-16
524 4.44089e-16
525 4.44089e-16
526 4.44089e-16
527 4.44089e-16
528 4.44089e-16
529 4.44089e-16
530 4.44089e-16
531 4.44089e-16
532 4.44089e-16
533 4.44089e-16
534 4.44089e-16
535 4.44089e-16
536 4.44089e-16
537 4.44089e-16
538 4.44089e-16
539 4.44089e-16
540 4.44089e-16
541 4.44089e-16
542 4.44089e-16
543 4.44089e-16
544 4.44089e-16
545 4.44089e-16
546 4.44089e-16
547 4.44089e-16
548 4.44089e-16
549 4.44089e-16
550 4.44089e-16
551 4.44089e-16
552 4.44089e-16
553 4.44089e-16
554 4.44089e-16
555 4.44089e-16
556 4.44089e-16
557 4.44089e-16
558 4.44089e-16
559 4.44089e-16
560 4.44089e-16
561 4.44089e-16
562 4.44089e-16
563 4.44089e-16
564 4.44089e-16
565 4.44089e-16
566 4.44089e-16
567 4.44089e-16
568 4.44089e-16
569 4.44089e-16
570 4.44089e-16
571 4.44089e-16
572 4.44089e-16
573 4.44089e-16
574 4.44089e-16
575 4.44089e-16
576 4.44089e-16
577 4.44089e-16
578 4.44089e-16
579 4.44089e-16
580 4.44089e-16
581 4.44089e-16
582 4.44089e-16
583 4.44089e-16
584 4.44089e-16
585 4.44089e-16
586 4.44089e-16
587 4.44089e-16
588 4.44089e-16
589 4.44089e-16
590 4.44089e-16
591 4.44089e-16
592 4.44089e-16
593 4.44089e-16
594 4.44089e-16
595 4.44089e-16
596 4.44089e-16
597 4.44089e-16
598 4.44089e-16
599 4.44089e-16
600 4.44089e-16
601 4.44089e-16
602 4.44089e-16
603 4.44089e-16
604 4.44089e-16
605 4.44089e-16
606 4.44089e-16
607 4.44089e-16
608 4.44089e-16
609 4.44089e-16
610 4.44089e-16
611 4.44089e-16
612 4.44089e-16
613 4.44089e-16
614 4.44089e-16
615 4.44089e-16
616 4.44089e-16
617 4.44089e-16
618 4.44089e-16
619 4.44089e-16
620 4.44089e-16
621 4.44089e-16
622 4.44089e-16
623 4.44089e-16
624 4.44089e-16
625 4.44089e-16
626 4.44089e-16
627 4.44089e-16
628 4.44089e-16
629 4.44089e-16
630 4.44089e-16
631 4.44089e-16
632 4.44089e-16
633 4.44089e-16
634 4.44089e-16
635 4.44089e-16
636 4.44089e-16
637 4.44089e-16
638 4.44089e-16
639 4.44089e-16
640 4.44089e-16
641 4.44089e-16
642 4.44089e-16
643 4.44089e-16
644 4.44089e-16
645 4.44089e-16
646 4.44089e-16
647 4.44089e-16
648 4.44089e-16
649 4.44089e-16
650 4.44089e-16
651 4.44089e-16
652 4.44089e-16
653 4.44089e-16
654 4.44089e-16
655 4.44089e-16
656 4.44089e-16
657 4.44089e-16
658 4.44089e-16
659 4.44089e-16
660 4.44089e-16
661 4.44089e-16
662 4.44089e-16
663 4.44089e-16
664 4.44089e-16
665 4.44089e-16
666 4.44089e-16
