0 5.75195
1 5.75195
2 3.76885
3 3.76885
4 3.76885
5 3.36667
6 3.36667
7 3.36667
8 3.36667
9 3.36667
10 3.36667
11 3.36667
12 3.36667
13 3.36667
14 1.57871
15 1.57871
16 1.57871
17 1.57871
18 1.57871
19 1.57871
20 1.57871
21 1.57871
22 1.57871
23 1.4908
24 1.4908
25 1.4908
26 1.4908
27 1.4908
28 1.4908
29 1.4908
30 1.4908
31 1.4908
32 1.4908
33 1.4908
34 1.4908
35 1.4908
36 1.4908
37 1.4908
38 1.4908
39 1.4908
40 1.4908
41 1.4908
42 1.4908
43 1.4908
44 1.4908
45 1.4908
46 1.4908
47 0.821625
48 0.821625
49 0.821625
50 0.821625
51 0.821625
52 0.821625
53 0.821625
54 0.821625
55 0.334837
56 0.334837
57 0.334837
58 0.334837
59 0.334837
60 0.334837
61 0.334837
62 0.334837
63 0.334837
64 0.334837
65 0.334837
66 0.334837
67 0.334837
68 0.250845
69 0.250845
70 0.250845
71 0.250845
72 0.250845
73 0.186164
74 0.186164
75 0.186164
76 0.186164
77 0.186164
78 0.0323328
79 0.0323328
80 0.0323328
81 0.0261921
82 0.0261921
83 0.0261921
84 0.0261921
85 0.0261921
86 0.0261921
87 0.0261921
88 0.0261921
89 0.0261921
90 0.0261921
91 0.0261921
92 0.0261921
93 0.0261921
94 0.0261921
95 0.0261921
96 0.0261921
97 0.0261921
98 0.0261921
99 0.0261921
100 0.0261921
101 0.0261921
102 0.0261921
103 0.0261921
104 0.0261921
105 0.0261921
106 0.0261921
107 0.0253463
108 0.0253463
109 0.0253463
110 0.0253463
111 0.0252914
112 0.0252914
113 0.0252914
114 0.0252914
115 0.0252914
116 0.0252118
117 0.0252118
118 0.0252118
119 0.0244607
120 0.0183814
121 0.0111245
122 0.00707574
123 0.00707574
124 0.00707574
125 0.00707574
126 0.00491154
127 0.00304278
128 0.00262259
129 0.00262259
130 0.00261484
131 0.00236658
132 0.00236658
133 0.00236658
134 0.00236658
135 0.00226665
136 0.0022062
137 0.00217727
138 0.00216698
139 0.00216698
140 0.00216698
141 0.00216698
142 0.00134539
143 0.00134539
144 0.00134539
145 0.00129819
146 0.00116851
147 0.00110613
148 0.00108648
149 0.00108648
150 0.00102115
151 0.000979475
152 0.000955781
153 0.000943206
154 0.000937213
155 0.000934945
156 0.000934671
157 0.000405807
158 0.000273915
159 0.000273915
160 0.000273915
161 0.000203682
162 0.000203682
163 0.000112151
164 0.000112151
165 0.000112151
166 0.000112151
167 0.000112151
168 0.000112151
169 0.000112151
170 0.000112151
171 0.000112151
172 0.000112151
173 0.000112151
174 8.66217e-05
175 8.66217e-05
176 8.66217e-05
177 8.66217e-05
178 8.66217e-05
179 8.66217e-05
180 8.66217e-05
181 8.66217e-05
182 8.66217e-05
183 8.66217e-05
184 8.66217e-05
185 8.66217e-05
186 5.99763e-05
187 5.99763e-05
188 5.99763e-05
189 5.99763e-05
190 5.99763e-05
191 4.03425e-05
192 4.03425e-05
193 4.03425e-05
194 1.88678e-05
195 1.88678e-05
196 1.88678e-05
197 1.88678e-05
198 1.88678e-05
199 1.88678e-05
200 1.88678e-05
201 1.88678e-05
202 8.17168e-06
203 7.05345e-06
204 7.05345e-06
205 3.8072e-06
206 3.8072e-06
207 3.8072e-06
208 3.78669e-07
209 3.78669e-07
210 3.31899e-07
211 3.31899e-07
212 3.31899e-07
213 3.31899e-07
214 3.31899e-07
215 3.31899e-07
216 3.31899e-07
217 3.31899e-07
218 3.21921e-07
219 3.21921e-07
220 3.21921e-07
221 3.21921e-07
222 3.21921e-07
223 3.21921e-07
224 2.88476e-07
225 2.88476e-07
226 2.88476e-07
227 2.88476e-07
228 2.88476e-07
229 2.88476e-07
230 2.88476e-07
231 2.88476e-07
232 2.88476e-07
233 2.88476e-07
234 2.88476e-07
235 2.88476e-07
236 2.88476e-07
237 2.88476e-07
238 2.88476e-07
239 2.88476e-07
240 2.88476e-07
241 2.88476e-07
242 2.88476e-07
243 2.60594e-07
244 1.07971e-07
245 1.07971e-07
246 9.36346e-08
247 9.36346e-08
248 9.36346e-08
249 9.36346e-08
250 9.36346e-08
251 9.36346e-08
252 9.36346e-08
253 8.16573e-08
254 8.16573e-08
255 8.16573e-08
256 5.18465e-08
257 5.18465e-08
258 5.18465e-08
259 5.18465e-08
260 3.16743e-08
261 3.16743e-08
262 3.16743e-08
263 3.16743e-08
264 3.16743e-08
265 3.16743e-08
266 3.16743e-08
267 3.16743e-08
268 3.16743e-08
269 2.63776e-08
270 2.63776e-08
271 2.63776e-08
272 2.4953e-08
273 2.4953e-08
274 2.48433e-08
275 2.48433e-08
276 2.48433e-08
277 2.48433e-08
278 2.48433e-08
279 7.46978e-09
280 7.46978e-09
281 7.46978e-09
282 7.46978e-09
283 7.46978e-09
284 4.43109e-09
285 2.84672e-09
286 2.84672e-09
287 2.56183e-09
288 1.63794e-09
289 1.63794e-09
290 1.62109e-09
291 1.34393e-09
292 1.34393e-09
293 1.34393e-09
294 1.34393e-09
295 1.34393e-09
296 1.34393e-09
297 1.26847e-09
298 8.96233e-10
299 8.96233e-10
300 6.74771e-10
301 6.74771e-10
302 6.74771e-10
303 6.74771e-10
304 6.74771e-10
305 6.74771e-10
306 3.20025e-10
307 3.20025e-10
308 3.20025e-10
309 3.20025e-10
310 3.20025e-10
311 3.20025e-10
312 3.20025e-10
313 3.20025e-10
314 1.91687e-10
315 1.91687e-10
316 7.90696e-11
317 7.90696e-11
318 7.90696e-11
319 5.27156e-11
320 5.27156e-11
321 4.59406e-11
322 4.59406e-11
323 4.32085e-11
324 4.32085e-11
325 4.32085e-11
326 4.32085e-11
327 3.97091e-11
328 3.42841e-11
329 1.17457e-11
330 1.17457e-11
331 1.17457e-11
332 1.17457e-11
333 1.17457e-11
334 6.63691e-12
335 6.63691e-12
336 2.56195e-12
337 2.56195e-12
338 2.56195e-12
339 2.56195e-12
340 2.56195e-12
341 2.56195e-12
342 2.56195e-12
343 1.73417e-12
344 1.73417e-12
345 4.12559e-13
346 4.12559e-13
347 4.12559e-13
348 4.12559e-13
349 4.12559e-13
350 4.05453e-13
351 4.05453e-13
352 4.05453e-13
353 4.05453e-13
354 2.45581e-13
355 2.45581e-13
356 2.45581e-13
357 2.45581e-13
358 2.45581e-13
359 2.27818e-13
360 2.27818e-13
361 2.20712e-13
362 1.10578e-13
363 6.79456e-14
364 6.79456e-14
365 3.24185e-14
366 3.24185e-14
367 2.53131e-14
368 1.11022e-14
369 1.11022e-14
370 1.11022e-14
371 1.11022e-14
372 1.11022e-14
373 1.11022e-14
374 1.11022e-14
375 1.11022e-14
376 1.11022e-14
377 1.11022e-14
378 1.11022e-14
379 7.54952e-15
380 7.54952e-15
381 7.54952e-15
382 3.9968e-15
383 3.9968e-15
384 3.9968e-15
385 3.9968e-15
386 3.9968e-15
387 3.9968e-15
388 3.9968e-15
389 3.9968e-15
390 4.44089e-16
391 4.44089e-16
392 4.44089e-16
393 4.44089e-16
394 4.44089e-16
395 4.44089e-16
396 4.44089e-16
397 4.44089e-16
398 4.44089e-16
399 4.44089e-16
400 4.44089e-16
401 4.44089e-16
402 4.44089e-16
403 4.44089e-16
404 4.44089e-16
405 4.44089e-16
406 4.44089e-16
407 4.44089e-16
408 4.44089e-16
409 4.44089e-16
410 4.44089e-16
411 4.44089e-16
412 4.44089e-16
413 4.44089e-16
414 4.44089e-16
415 4.44089e-16
416 4.44089e-16
417 4.44089e-16
418 4.44089e-16
419 4.44089e-16
420 4.44089e-16
421 4.44089e-16
422 4.44089e-16
423 4.44089e-16
424 4.44089e-16
425 4.44089e-16
426 4.44089e-16
427 4.44089e-16
428 4.44089e-16
429 4.44089e-16
430 4.44089e-16
431 4.44089e-16
432 4.44089e-16
433 4.44089e-16
434 4.44089e-16
435 4.44089e-16
436 4.44089e-16
437 4.44089e-16
438 4.44089e-16
439 4.44089e-16
440 4.44089e-16
441 4.44089e-16
442 4.44089e-16
443 4.44089e-16
444 4.44089e-16
445 4.44089e-16
446 4.44089e-16
447 4.44089e-16
448 4.44089e-16
449 4.44089e-16
450 4.44089e-16
451 4.44089e-16
452 4.44089e-16
453 4.44089e-16
454 4.44089e-16
455 4.44089e-16
456 4.44089e-16
457 4.44089e-16
458 4.44089e-16
459 4.44089e-16
460 4.44089e-16
461 4.44089e-16
462 4.44089e-16
463 4.44089e-16
464 4.44089e-16
465 4.44089e-16
466 4.44089e-16
467 4.44089e-16
468 4.44089e-16
469 4.44089e-16
470 4.44089e-16
471 4.44089e-16
472 4.44089e-16
473 4.44089e-16
474 4.44089e-16
475 4.44089e-16
476 4.44089e-16
477 4.44089e-16
478 4.44089e-16
479 4.44089e-16
480 4.44089e-16
481 4.44089e-16
482 4.44089e-16
483 4.44089e-16
484 4.44089e-16
485 4.44089e-16
486 4.44089e-16
487 4.44089e-16
488 4.44089e-16
489 4.44089e-16
490 4.44089e-16
491 4.44089e-16
492 4.44089e-16
493 4.44089e-16
494 4.44089e-16
495 4.44089e-16
496 4.44089e-16
497 4.44089e-16
498 4.44089e-16
499 4.44089e-16
500 4.44089e-16
501 4.44089e-16
502 4.44089e-16
503 4.44089e-16
504 4.44089e-16
505 4.44089e-16
506 4.44089e-16
507 4.44089e-16
508 4.44089e-16
509 4.44089e-16
510 4.44089e-16
511 4.44089e-16
512 4.44089e-16
513 4.44089e-16
514 4.44089e-16
515 4.44089e-16
516 4.44089e-16
517 4.44089e-16
518 4.44089e-16
519 4.44089e-16
520 4.44089e-16
521 4.44089e-16
522 4.44089e-16
523 4.44089e-16
524 4.44089e-16
525 4.44089e-16
526 4.44089e-16
527 4.44089e-16
528 4.44089e-16
529 4.44089e-16
530 4.44089e-16
531 4.44089e-16
532 4.44089e-16
533 4.44089e-16
534 4.44089e-16
535 4.44089e-16
536 4.44089e-16
537 4.44089e-16
538 4.44089e-16
539 4.44089e-16
540 4.44089e-16
541 4.44089e-16
542 4.44089e-16
543 4.44089e-16
544 4.44089e-16
545 4.44089e-16
546 4.44089e-16
547 4.44089e-16
548 4.44089e-16
549 4.44089e-16
550 4.44089e-16
551 4.44089e-16
552 4.44089e-16
553 4.44089e-16
554 4.44089e-16
555 4.44089e-16
556 4.44089e-16
557 4.44089e-16
558 4.44089e-16
559 4.44089e-16
560 4.44089e-16
561 4.44089e-16
562 4.44089e-16
563 4.44089e-16
564 4.44089e-16
565 4.44089e-16
566 4.44089e-16
567 4.44089e-16
568 4.44089e-16
569 4.44089e-16
570 4.44089e-16
571 4.44089e-16
572 4.44089e-16
573 4.44089e-16
574 4.44089e-16
575 4.44089e-16
576 4.44089e-16
577 4.44089e-16
578 4.44089e-16
579 4.44089e-16
580 4.44089e-16
581 4.44089e-16
582 4.44089e-16
583 4.44089e-16
584 4.44089e-16
585 4.44089e-16
586 4.44089e-16
587 4.44089e-16
588 4.44089e-16
589 4.44089e-16
590 4.44089e-16
591 4.44089e-16
592 4.44089e-16
593 4.44089e-16
594 4.44089e-16
595 4.44089e-16
596 4.44089e-16
597 4.44089e-16
598 4.44089e-16
599 4.44089e-16
600 4.44089e-16
601 4.44089e-16
602 4.44089e-16
603 4.44089e-16
604 4.44089e-16
605 4.44089e-16
606 4.44089e-16
607 4.44089e-16
608 4.44089e-16
609 4.44089e-16
610 4.44089e-16
611 4.44089e-16
612 4.44089e-16
613 4.44089e-16
614 4.44089e-16
615 4.44089e-16
616 4.44089e-16
617 4.44089e-16
618 4.44089e-16
619 4.44089e-16
620 4.44089e-16
621 4.44089e-16
622 4.44089e-16
623 4.44089e-16
624 4.44089e-16
625 4.44089e-16
626 4.44089e-16
627 4.44089e-16
628 4.44089e-16
629 4.44089e-16
630 4.44089e-16
631 4.44089e-16
632 4.44089e-16
633 4.44089e-16
634 4.44089e-16
635 4.44089e-16
636 4.44089e-16
637 4.44089e-16
638 4.44089e-16
639 4.44089e-16
640 4.44089e-16
641 4.44089e-16
642 4.44089e-16
643 4.44089e-16
644 4.44089e-16
645 4.44089e-16
646 4.44089e-16
647 4.44089e-16
648 4.44089e-16
649 4.44089e-16
650 4.44089e-16
651 4.44089e-16
652 4.44089e-16
653 4.44089e-16
654 4.44089e-16
655 4.44089e-16
656 4.44089e-16
657 4.44089e-16
658 4.44089e-16
659 4.44089e-16
660 4.44089e-16
661 4.44089e-16
662 4.44089e-16
663 4.44089e-16
664 4.44089e-16
665 4.44089e-16
666 4.44089e-16
