0 10.3273
1 10.3273
2 8.46678
3 6.79546
4 6.25388
5 6.25388
6 5.38976
7 5.38976
8 4.89748
9 4.89748
10 4.89748
11 4.89748
12 4.57069
13 4.57069
14 4.56805
15 4.56805
16 4.40005
17 4.40005
18 4.40005
19 3.89681
20 3.39522
21 3.33673
22 3.33673
23 3.33673
24 3.33673
25 3.25591
26 3.25591
27 2.20811
28 2.20811
29 0.460722
30 0.460722
31 0.460722
32 0.460722
33 0.460722
34 0.460722
35 0.460722
36 0.460722
37 0.460722
38 0.460722
39 0.460722
40 0.460722
41 0.460722
42 0.460722
43 0.460722
44 0.460722
45 0.460722
46 0.460722
47 0.460722
48 0.460722
49 0.460722
50 0.460722
51 0.460722
52 0.460722
53 0.460722
54 0.460722
55 0.460722
56 0.362577
57 0.362577
58 0.362577
59 0.362577
60 0.362577
61 0.362577
62 0.362577
63 0.362577
64 0.362577
65 0.258028
66 0.135797
67 0.124378
68 0.124378
69 0.124378
70 0.124378
71 0.124378
72 0.124378
73 0.0811054
74 0.0811054
75 0.0811054
76 0.0811054
77 0.0811054
78 0.0811054
79 0.0811054
80 0.0811054
81 0.0811054
82 0.0811054
83 0.0811054
84 0.0749935
85 0.0417913
86 0.0417913
87 0.0156301
88 0.0156301
89 0.0156301
90 0.00290351
91 0.00290351
92 0.00290351
93 0.00290351
94 0.00290351
95 0.00290351
96 0.00290351
97 0.00290351
98 0.00290351
99 0.00290351
100 0.00290351
101 0.00290351
102 0.00290351
103 0.00290351
104 0.00290351
105 0.00290351
106 0.00290351
107 0.00290351
108 0.00290351
109 0.00290351
110 0.00290351
111 0.00290351
112 0.00290351
113 0.00290351
114 0.00290351
115 0.00290351
116 0.00290351
117 0.00290351
118 0.00290351
119 0.00290351
120 0.00290351
121 0.00290351
122 0.00290351
123 0.00290351
124 0.00290351
125 0.00290351
126 0.00290351
127 0.00290351
128 0.00290351
129 0.00290351
130 0.00290351
131 0.00290351
132 0.00290351
133 0.00290351
134 0.00290351
135 0.00290351
136 0.00290351
137 0.00290351
138 0.00290351
139 0.00252716
140 0.00252716
141 0.00252716
142 0.00252716
143 0.00252716
144 0.00252716
145 0.00252716
146 0.00252716
147 0.00252716
148 0.00252716
149 0.00252716
150 0.00252716
151 0.00218088
152 0.00218088
153 0.00218088
154 0.00218088
155 0.00218088
156 0.00218088
157 0.00218088
158 0.00218088
159 0.00218088
160 0.00218088
161 0.00218088
162 0.00218088
163 0.00185074
164 0.00162208
165 0.00162208
166 0.00162208
167 0.00162208
168 0.00162208
169 0.00162208
170 0.00141087
171 0.00138229
172 0.00137818
173 0.00137818
174 0.00137818
175 0.00130372
176 0.00126497
177 6.25723e-05
178 6.25723e-05
179 2.29148e-05
180 2.29148e-05
181 2.29148e-05
182 2.29148e-05
183 2.29148e-05
184 2.29148e-05
185 2.29148e-05
186 2.29148e-05
187 2.29148e-05
188 2.29148e-05
189 2.29148e-05
190 2.29148e-05
191 2.29148e-05
192 2.29148e-05
193 2.29148e-05
194 2.29148e-05
195 2.29148e-05
196 2.29148e-05
197 2.29148e-05
198 2.29148e-05
199 2.29148e-05
200 2.29148e-05
201 2.29148e-05
202 2.29148e-05
203 2.29148e-05
204 2.29148e-05
205 2.29148e-05
206 2.29148e-05
207 2.29148e-05
208 2.29148e-05
209 1.12232e-05
210 1.12232e-05
211 1.12232e-05
212 1.12232e-05
213 1.12232e-05
214 1.12232e-05
215 1.12232e-05
216 1.12232e-05
217 1.12232e-05
218 1.12232e-05
219 1.12232e-05
220 1.12232e-05
221 1.12232e-05
222 1.12232e-05
223 1.12232e-05
224 1.12232e-05
225 1.12232e-05
226 1.12232e-05
227 1.12232e-05
228 1.12232e-05
229 1.12232e-05
230 1.12232e-05
231 1.12232e-05
232 1.12232e-05
233 1.12232e-05
234 1.12232e-05
235 1.12232e-05
236 1.0754e-05
237 1.0754e-05
238 1.0754e-05
239 6.56046e-06
240 6.56046e-06
241 6.56046e-06
242 6.56046e-06
243 6.56046e-06
244 6.56046e-06
245 6.56046e-06
246 1.8142e-06
247 1.8142e-06
248 1.8142e-06
249 1.8142e-06
250 1.8142e-06
251 1.8142e-06
252 1.8142e-06
253 6.9353e-07
254 6.9353e-07
255 6.9353e-07
256 6.9353e-07
257 6.9353e-07
258 6.72601e-07
259 6.72601e-07
260 6.72601e-07
261 6.72601e-07
262 5.50739e-07
263 3.36889e-07
264 3.36889e-07
265 3.36889e-07
266 3.19939e-07
267 3.19939e-07
268 1.14713e-07
269 1.14713e-07
270 1.14713e-07
271 1.14713e-07
272 1.14713e-07
273 3.35826e-08
274 3.35826e-08
275 3.35826e-08
276 3.35826e-08
277 3.35826e-08
278 3.35826e-08
279 3.35826e-08
280 3.35826e-08
281 3.35826e-08
282 3.35826e-08
283 3.35826e-08
284 3.35826e-08
285 3.35826e-08
286 3.35826e-08
287 3.35826e-08
288 3.35826e-08
289 3.35826e-08
290 1.24051e-08
291 1.24051e-08
292 1.24051e-08
293 1.24051e-08
294 1.24051e-08
295 1.24051e-08
296 8.99597e-09
297 8.99597e-09
298 8.99597e-09
299 8.99597e-09
300 4.91509e-09
301 5.41704e-10
302 5.41704e-10
303 5.41704e-10
304 5.41704e-10
305 5.41704e-10
306 5.41704e-10
307 5.41704e-10
308 3.89541e-10
309 3.89541e-10
310 3.89541e-10
311 3.89541e-10
312 3.89541e-10
313 3.89541e-10
314 3.89541e-10
315 3.89541e-10
316 3.89541e-10
317 1.97023e-10
318 1.97023e-10
319 1.97023e-10
320 1.97023e-10
321 1.97023e-10
322 1.97023e-10
323 7.17475e-11
324 7.17475e-11
325 7.17475e-11
326 7.17475e-11
327 7.17475e-11
328 7.17475e-11
329 7.17475e-11
330 7.17475e-11
331 7.17475e-11
332 7.17475e-11
333 7.17475e-11
334 5.94942e-11
335 5.94942e-11
336 5.47584e-11
337 5.47584e-11
338 5.47584e-11
339 5.45453e-11
340 3.87144e-11
341 3.87144e-11
342 3.87144e-11
343 3.27209e-11
344 3.27209e-11
345 3.27209e-11
346 3.27209e-11
347 1.33267e-11
348 1.31952e-11
349 1.1696e-11
350 1.1696e-11
351 3.62421e-12
352 3.62421e-12
353 3.62421e-12
354 2.24576e-12
355 2.24576e-12
356 1.81233e-12
357 1.81233e-12
358 1.81233e-12
359 1.81233e-12
360 1.81233e-12
361 1.81233e-12
362 8.63754e-13
363 2.88214e-13
364 2.88214e-13
365 2.88214e-13
366 2.88214e-13
367 2.88214e-13
368 2.88214e-13
369 2.88214e-13
370 2.88214e-13
371 2.88214e-13
372 2.88214e-13
373 2.13607e-13
374 7.50511e-14
375 7.50511e-14
376 7.50511e-14
377 7.50511e-14
378 7.50511e-14
379 7.50511e-14
380 7.50511e-14
381 6.79456e-14
382 6.79456e-14
383 6.79456e-14
384 6.79456e-14
385 6.43929e-14
386 6.43929e-14
387 4.30767e-14
388 2.88658e-14
389 1.11022e-14
390 1.11022e-14
391 1.11022e-14
392 1.11022e-14
393 4.44089e-16
394 4.44089e-16
395 4.44089e-16
396 4.44089e-16
397 4.44089e-16
398 4.44089e-16
399 4.44089e-16
400 4.44089e-16
401 4.44089e-16
402 4.44089e-16
403 4.44089e-16
404 4.44089e-16
405 4.44089e-16
406 4.44089e-16
407 4.44089e-16
408 4.44089e-16
409 4.44089e-16
410 4.44089e-16
411 4.44089e-16
412 4.44089e-16
413 4.44089e-16
414 4.44089e-16
415 4.44089e-16
416 4.44089e-16
417 4.44089e-16
418 4.44089e-16
419 4.44089e-16
420 4.44089e-16
421 4.44089e-16
422 4.44089e-16
423 4.44089e-16
424 4.44089e-16
425 4.44089e-16
426 4.44089e-16
427 4.44089e-16
428 4.44089e-16
429 4.44089e-16
430 4.44089e-16
431 4.44089e-16
432 4.44089e-16
433 4.44089e-16
434 4.44089e-16
435 4.44089e-16
436 4.44089e-16
437 4.44089e-16
438 4.44089e-16
439 4.44089e-16
440 4.44089e-16
441 4.44089e-16
442 4.44089e-16
443 4.44089e-16
444 4.44089e-16
445 4.44089e-16
446 4.44089e-16
447 4.44089e-16
448 4.44089e-16
449 4.44089e-16
450 4.44089e-16
451 4.44089e-16
452 4.44089e-16
453 4.44089e-16
454 4.44089e-16
455 4.44089e-16
456 4.44089e-16
457 4.44089e-16
458 4.44089e-16
459 4.44089e-16
460 4.44089e-16
461 4.44089e-16
462 4.44089e-16
463 4.44089e-16
464 4.44089e-16
465 4.44089e-16
466 4.44089e-16
467 4.44089e-16
468 4.44089e-16
469 4.44089e-16
470 4.44089e-16
471 4.44089e-16
472 4.44089e-16
473 4.44089e-16
474 4.44089e-16
475 4.44089e-16
476 4.44089e-16
477 4.44089e-16
478 4.44089e-16
479 4.44089e-16
480 4.44089e-16
481 4.44089e-16
482 4.44089e-16
483 4.44089e-16
484 4.44089e-16
485 4.44089e-16
486 4.44089e-16
487 4.44089e-16
488 4.44089e-16
489 4.44089e-16
490 4.44089e-16
491 4.44089e-16
492 4.44089e-16
493 4.44089e-16
494 4.44089e-16
495 4.44089e-16
496 4.44089e-16
497 4.44089e-16
498 4.44089e-16
499 4.44089e-16
500 4.44089e-16
501 4.44089e-16
502 4.44089e-16
503 4.44089e-16
504 4.44089e-16
505 4.44089e-16
506 4.44089e-16
507 4.44089e-16
508 4.44089e-16
509 4.44089e-16
510 4.44089e-16
511 4.44089e-16
512 4.44089e-16
513 4.44089e-16
514 4.44089e-16
515 4.44089e-16
516 4.44089e-16
517 4.44089e-16
518 4.44089e-16
519 4.44089e-16
520 4.44089e-16
521 4.44089e-16
522 4.44089e-16
523 4.44089e-16
524 4.44089e-16
525 4.44089e-16
526 4.44089e-16
527 4.44089e-16
528 4.44089e-16
529 4.44089e-16
530 4.44089e-16
531 4.44089e-16
532 4.44089e-16
533 4.44089e-16
534 4.44089e-16
535 4.44089e-16
536 4.44089e-16
537 4.44089e-16
538 4.44089e-16
539 4.44089e-16
540 4.44089e-16
541 4.44089e-16
542 4.44089e-16
543 4.44089e-16
544 4.44089e-16
545 4.44089e-16
546 4.44089e-16
547 4.44089e-16
548 4.44089e-16
549 4.44089e-16
550 4.44089e-16
551 4.44089e-16
552 4.44089e-16
553 4.44089e-16
554 4.44089e-16
555 4.44089e-16
556 4.44089e-16
557 4.44089e-16
558 4.44089e-16
559 4.44089e-16
560 4.44089e-16
561 4.44089e-16
562 4.44089e-16
563 4.44089e-16
564 4.44089e-16
565 4.44089e-16
566 4.44089e-16
567 4.44089e-16
568 4.44089e-16
569 4.44089e-16
570 4.44089e-16
571 4.44089e-16
572 4.44089e-16
573 4.44089e-16
574 4.44089e-16
575 4.44089e-16
576 4.44089e-16
577 4.44089e-16
578 4.44089e-16
579 4.44089e-16
580 4.44089e-16
581 4.44089e-16
582 4.44089e-16
583 4.44089e-16
584 4.44089e-16
585 4.44089e-16
586 4.44089e-16
587 4.44089e-16
588 4.44089e-16
589 4.44089e-16
590 4.44089e-16
591 4.44089e-16
592 4.44089e-16
593 4.44089e-16
594 4.44089e-16
595 4.44089e-16
596 4.44089e-16
597 4.44089e-16
598 4.44089e-16
599 4.44089e-16
600 4.44089e-16
601 4.44089e-16
602 4.44089e-16
603 4.44089e-16
604 4.44089e-16
605 4.44089e-16
606 4.44089e-16
607 4.44089e-16
608 4.44089e-16
609 4.44089e-16
610 4.44089e-16
611 4.44089e-16
612 4.44089e-16
613 4.44089e-16
614 4.44089e-16
615 4.44089e-16
616 4.44089e-16
617 4.44089e-16
618 4.44089e-16
619 4.44089e-16
620 4.44089e-16
621 4.44089e-16
622 4.44089e-16
623 4.44089e-16
624 4.44089e-16
625 4.44089e-16
626 4.44089e-16
627 4.44089e-16
628 4.44089e-16
629 4.44089e-16
630 4.44089e-16
631 4.44089e-16
632 4.44089e-16
633 4.44089e-16
634 4.44089e-16
635 4.44089e-16
636 4.44089e-16
637 4.44089e-16
638 4.44089e-16
639 4.44089e-16
640 4.44089e-16
641 4.44089e-16
642 4.44089e-16
643 4.44089e-16
644 4.44089e-16
645 4.44089e-16
646 4.44089e-16
647 4.44089e-16
648 4.44089e-16
649 4.44089e-16
650 4.44089e-16
651 4.44089e-16
652 4.44089e-16
653 4.44089e-16
654 4.44089e-16
655 4.44089e-16
656 4.44089e-16
657 4.44089e-16
658 4.44089e-16
659 4.44089e-16
660 4.44089e-16
661 4.44089e-16
662 4.44089e-16
663 4.44089e-16
664 4.44089e-16
665 4.44089e-16
666 4.44089e-16
