0 45
1 46
2 45
3 44
4 45
5 44
6 45
7 44
8 45
9 46
10 47
11 48
12 47
13 46
14 47
15 46
16 45
17 46
18 47
19 48
20 49
21 48
22 49
23 48
24 48
25 47
26 46
27 45
28 46
29 47
30 47
31 46
32 45
33 46
34 47
35 47
36 46
37 47
38 47
39 48
40 49
41 48
42 49
43 49
44 49
45 50
46 51
47 51
48 52
49 51
50 51
51 51
52 52
53 53
54 53
55 53
56 52
57 52
58 53
59 53
60 53
61 53
62 53
63 53
64 53
65 54
66 55
67 55
68 56
69 56
70 56
71 56
72 56
73 57
74 57
75 57
76 57
77 57
78 58
79 58
80 59
81 60
82 60
83 61
84 61
85 62
86 63
87 63
88 64
89 65
90 65
91 65
92 65
93 65
94 66
95 66
96 66
97 66
98 66
99 66
100 66
101 66
102 66
103 66
104 67
105 67
106 67
107 67
108 68
109 69
110 70
111 70
112 71
113 72
114 72
115 72
116 73
117 74
118 74
119 74
120 74
121 74
122 75
123 76
124 76
125 76
126 76
127 76
128 76
129 76
130 76
131 76
132 76
133 76
134 76
135 77
136 78
137 78
138 78
139 78
140 78
141 78
142 78
143 78
144 78
145 78
146 78
147 78
148 78
149 78
150 78
151 79
152 79
153 79
154 79
155 79
156 79
157 80
158 80
159 81
160 81
161 82
162 82
163 83
164 84
165 84
166 84
167 84
168 84
169 84
170 84
171 84
172 84
173 84
174 84
175 84
176 84
177 84
178 84
179 84
180 84
181 85
182 85
183 85
184 86
185 86
186 86
187 86
188 86
189 86
190 86
191 86
192 86
193 86
194 86
195 86
196 86
197 86
198 86
199 86
200 86
201 86
202 86
203 86
204 86
205 86
206 86
207 86
208 86
209 86
210 86
211 86
212 86
213 87
214 87
215 88
216 88
217 88
218 88
219 88
220 88
221 88
222 88
223 88
224 89
225 89
226 89
227 90
228 90
229 90
230 90
231 90
232 90
233 90
234 90
235 90
236 90
237 90
238 90
239 90
240 90
241 90
242 90
243 91
244 91
245 91
246 91
247 91
248 91
249 91
250 91
251 92
252 92
253 92
254 92
255 92
256 92
257 92
258 92
259 93
260 93
261 93
262 93
263 94
264 94
265 94
266 94
267 95
268 95
269 95
270 95
271 95
272 95
273 95
274 95
275 95
276 95
277 95
278 95
279 95
280 95
281 95
282 95
283 95
284 95
285 95
286 95
287 95
288 95
289 95
290 95
291 95
292 95
293 95
294 96
295 96
296 96
297 96
298 96
299 96
300 96
301 96
302 96
303 96
304 96
305 96
306 96
307 96
308 96
309 96
310 96
311 96
312 96
313 96
314 96
315 96
316 96
317 97
318 98
319 98
320 98
321 98
322 98
323 98
324 98
325 98
326 98
327 98
328 98
329 98
330 98
331 98
332 98
333 98
334 98
335 98
336 98
337 98
338 98
339 98
340 98
341 98
342 98
343 98
344 98
345 98
346 98
347 98
348 98
349 98
350 98
351 98
352 98
353 98
354 98
355 98
356 98
357 98
358 98
359 98
360 98
361 98
362 98
363 98
364 99
365 99
366 99
367 99
368 99
369 99
370 99
371 99
372 99
373 99
374 99
375 99
376 99
377 99
378 99
379 99
380 99
381 99
382 99
383 99
384 99
385 99
386 99
387 99
388 99
389 99
390 99
391 99
392 99
393 99
394 99
395 99
396 99
397 99
398 99
399 99
400 99
401 99
402 99
403 99
404 99
405 99
406 99
407 99
408 99
409 99
410 99
411 99
412 99
413 99
414 99
415 99
416 99
417 99
418 99
419 99
420 99
421 99
422 99
423 99
424 99
425 99
426 99
427 99
428 99
429 99
430 99
431 99
432 99
433 99
434 99
435 99
436 99
437 99
438 99
439 99
440 99
441 99
442 99
443 99
444 99
445 99
446 99
447 99
448 99
449 99
450 99
451 99
452 99
453 99
454 99
455 99
456 99
457 99
458 99
459 99
460 99
461 99
462 99
463 99
464 99
465 99
466 99
467 99
468 99
469 99
470 99
471 99
472 99
473 99
474 99
475 99
476 99
477 99
478 99
479 99
480 99
481 99
482 99
483 99
484 99
485 99
486 99
487 99
488 99
489 99
490 99
491 99
492 99
493 99
494 99
495 99
496 99
497 99
498 99
499 99
500 99
501 99
502 99
503 99
504 99
505 99
506 99
507 99
508 99
509 99
510 99
511 99
512 99
513 99
514 99
515 99
516 99
517 99
518 99
519 99
520 99
521 99
522 99
523 99
524 99
525 99
526 99
527 99
528 99
529 99
530 99
531 99
532 99
533 99
534 99
535 99
536 99
537 99
538 99
539 99
540 99
541 99
542 99
543 99
544 99
545 99
546 99
547 99
548 99
549 99
550 99
551 99
552 99
553 99
554 99
555 99
556 99
557 99
558 99
559 99
560 99
561 99
562 99
563 99
564 99
565 99
566 99
567 99
568 99
569 99
570 99
571 99
572 99
573 99
574 99
575 99
576 99
577 99
578 99
579 99
580 99
581 99
582 99
583 99
584 99
585 99
586 99
587 99
588 99
589 99
590 99
591 99
592 99
593 99
594 99
595 99
596 99
597 99
598 99
599 99
600 99
601 99
602 99
603 99
604 99
605 99
606 99
607 99
608 99
609 99
610 99
611 99
612 99
613 99
614 99
615 99
616 99
617 99
618 99
619 99
620 99
621 99
622 99
623 99
624 99
625 99
626 99
627 99
628 99
629 99
630 99
631 99
632 99
633 99
634 99
635 99
636 99
637 99
638 99
639 99
640 99
641 99
642 99
643 99
644 99
645 99
646 99
647 99
648 99
649 99
650 99
651 99
652 99
653 99
654 99
655 99
656 99
657 99
658 99
659 99
660 99
661 99
662 99
663 99
664 99
665 99
666 99
667 99
668 99
669 99
670 99
671 99
672 99
673 99
674 99
675 99
676 99
677 99
678 99
679 99
680 99
681 99
682 99
683 99
684 99
685 99
686 99
687 99
688 99
689 99
690 99
691 99
692 99
693 99
694 99
695 99
696 99
697 99
698 99
699 99
700 99
701 99
702 99
703 99
704 99
705 99
706 99
707 99
708 99
709 99
710 99
711 99
712 99
713 99
714 99
715 99
716 99
717 99
718 99
719 99
720 99
721 99
722 99
723 99
724 99
725 99
726 99
727 99
728 99
729 99
730 99
731 99
732 99
733 99
734 99
735 99
736 99
737 99
738 99
739 99
740 99
741 99
742 99
743 99
744 99
745 99
746 99
747 99
748 99
749 99
750 99
751 99
752 99
753 99
754 99
755 99
756 99
757 99
758 99
759 99
760 99
761 99
762 99
763 99
764 99
765 99
766 99
767 99
768 99
769 99
770 99
771 99
772 99
773 99
774 99
775 99
776 99
777 99
778 99
779 99
780 99
781 99
782 99
783 99
784 99
785 99
786 99
787 99
788 99
789 99
790 99
791 99
792 99
793 99
794 99
795 99
796 99
797 99
798 99
799 99
800 99
801 100
802 100
803 100
804 100
805 100
806 100
807 100
808 100
809 100
810 100
811 100
812 100
813 100
814 100
815 100
816 100
817 100
818 100
819 100
820 100
821 100
822 100
823 100
824 100
825 100
826 100
827 100
828 100
829 100
830 100
831 100
832 100
833 100
834 100
835 100
836 100
837 100
838 100
839 100
840 100
841 100
842 100
843 100
844 100
845 100
846 100
847 100
848 100
849 100
850 100
851 100
852 100
853 100
854 100
855 100
856 100
857 100
858 100
859 100
860 100
861 100
862 100
863 100
864 100
865 100
866 100
867 100
868 100
869 100
870 100
871 100
872 100
873 100
874 100
875 100
876 100
877 100
878 100
879 100
880 100
881 100
882 100
883 100
884 100
885 100
886 100
887 100
888 100
889 100
890 100
891 100
892 100
893 100
894 100
895 100
896 100
897 100
898 100
899 100
900 100
901 100
902 100
903 100
904 100
905 100
906 100
907 100
908 100
909 100
910 100
911 100
912 100
913 100
914 100
915 100
916 100
917 100
918 100
919 100
920 100
921 100
922 100
923 100
924 100
925 100
926 100
927 100
928 100
929 100
930 100
931 100
932 100
933 100
934 100
935 100
936 100
937 100
938 100
939 100
940 100
941 100
942 100
943 100
944 100
945 100
946 100
947 100
948 100
949 100
950 100
951 100
952 100
953 100
954 100
955 100
956 100
957 100
958 100
959 100
960 100
961 100
962 100
963 100
964 100
965 100
966 100
967 100
968 100
969 100
970 100
971 100
972 100
973 100
974 100
975 100
976 100
977 100
978 100
979 100
980 100
981 100
982 100
983 100
984 100
985 100
986 100
987 100
988 100
989 100
990 100
991 100
992 100
993 100
994 100
995 100
996 100
997 100
998 100
999 100
1000 100
