0 48
1 47
2 48
3 47
4 46
5 45
6 46
7 47
8 48
9 47
10 46
11 45
12 44
13 43
14 42
15 41
16 40
17 41
18 42
19 41
20 40
21 41
22 40
23 41
24 40
25 39
26 38
27 39
28 40
29 40
30 41
31 40
32 39
33 38
34 38
35 37
36 37
37 37
38 38
39 39
40 38
41 37
42 37
43 36
44 37
45 37
46 36
47 35
48 36
49 35
50 36
51 36
52 37
53 38
54 39
55 39
56 39
57 40
58 41
59 42
60 43
61 44
62 45
63 45
64 46
65 46
66 47
67 48
68 49
69 50
70 51
71 52
72 52
73 53
74 54
75 55
76 55
77 56
78 56
79 57
80 57
81 57
82 57
83 58
84 58
85 58
86 59
87 59
88 59
89 59
90 59
91 60
92 61
93 61
94 61
95 61
96 61
97 61
98 61
99 61
100 61
101 61
102 62
103 62
104 63
105 64
106 65
107 65
108 66
109 66
110 66
111 66
112 67
113 67
114 67
115 67
116 67
117 67
118 67
119 67
120 67
121 68
122 68
123 69
124 69
125 69
126 70
127 71
128 71
129 71
130 72
131 72
132 72
133 72
134 72
135 72
136 73
137 73
138 74
139 75
140 75
141 75
142 75
143 75
144 75
145 75
146 75
147 76
148 76
149 76
150 76
151 76
152 76
153 77
154 77
155 78
156 79
157 79
158 79
159 79
160 79
161 79
162 79
163 80
164 80
165 80
166 80
167 81
168 81
169 81
170 81
171 81
172 81
173 81
174 82
175 82
176 82
177 82
178 82
179 82
180 82
181 83
182 83
183 83
184 83
185 83
186 83
187 84
188 85
189 85
190 85
191 86
192 86
193 86
194 86
195 86
196 86
197 86
198 86
199 86
200 86
201 86
202 86
203 86
204 86
205 86
206 86
207 86
208 86
209 86
210 86
211 86
212 86
213 86
214 87
215 87
216 88
217 88
218 88
219 88
220 88
221 88
222 88
223 88
224 88
225 88
226 88
227 88
228 88
229 88
230 88
231 88
232 88
233 88
234 88
235 88
236 88
237 88
238 88
239 88
240 88
241 88
242 88
243 88
244 88
245 88
246 88
247 88
248 88
249 88
250 88
251 88
252 88
253 89
254 89
255 89
256 89
257 89
258 90
259 90
260 90
261 90
262 90
263 90
264 90
265 90
266 90
267 90
268 90
269 91
270 91
271 92
272 92
273 93
274 93
275 93
276 93
277 93
278 93
279 93
280 93
281 93
282 93
283 93
284 93
285 93
286 93
287 93
288 93
289 93
290 93
291 93
292 93
293 93
294 93
295 93
296 93
297 93
298 93
299 93
300 93
301 93
302 93
303 93
304 93
305 93
306 93
307 93
308 93
309 93
310 93
311 93
312 93
313 93
314 93
315 93
316 93
317 93
318 93
319 93
320 93
321 93
322 93
323 93
324 93
325 93
326 93
327 93
328 93
329 93
330 93
331 93
332 93
333 94
334 94
335 94
336 94
337 94
338 94
339 94
340 94
341 94
342 94
343 94
344 94
345 94
346 94
347 94
348 94
349 94
350 95
351 95
352 95
353 95
354 95
355 95
356 95
357 95
358 95
359 95
360 95
361 95
362 95
363 95
364 95
365 95
366 95
367 95
368 95
369 95
370 95
371 95
372 95
373 95
374 95
375 95
376 95
377 95
378 95
379 95
380 95
381 95
382 95
383 95
384 95
385 95
386 95
387 95
388 95
389 95
390 95
391 95
392 95
393 95
394 95
395 95
396 95
397 95
398 95
399 95
400 95
401 95
402 95
403 95
404 95
405 95
406 96
407 96
408 96
409 96
410 96
411 96
412 96
413 96
414 96
415 96
416 96
417 96
418 96
419 96
420 96
421 96
422 96
423 96
424 96
425 96
426 96
427 97
428 97
429 97
430 97
431 97
432 97
433 97
434 97
435 97
436 97
437 97
438 97
439 97
440 98
441 98
442 98
443 98
444 98
445 98
446 98
447 98
448 98
449 98
450 98
451 98
452 98
453 98
454 98
455 98
456 98
457 98
458 98
459 98
460 98
461 98
462 98
463 98
464 98
465 98
466 98
467 98
468 98
469 98
470 98
471 98
472 98
473 98
474 98
475 98
476 98
477 98
478 98
479 98
480 98
481 98
482 98
483 98
484 98
485 98
486 98
487 98
488 98
489 98
490 98
491 98
492 98
493 98
494 98
495 98
496 98
497 98
498 98
499 98
500 98
501 98
502 98
503 98
504 98
505 98
506 98
507 98
508 98
509 98
510 98
511 98
512 98
513 98
514 98
515 98
516 98
517 98
518 98
519 98
520 98
521 98
522 98
523 98
524 98
525 98
526 98
527 98
528 98
529 98
530 98
531 98
532 98
533 98
534 98
535 98
536 98
537 98
538 98
539 98
540 98
541 98
542 98
543 98
544 98
545 98
546 98
547 98
548 98
549 98
550 98
551 98
552 98
553 99
554 99
555 99
556 99
557 99
558 99
559 99
560 99
561 99
562 99
563 99
564 99
565 99
566 99
567 99
568 99
569 99
570 99
571 99
572 99
573 99
574 99
575 99
576 99
577 99
578 99
579 99
580 99
581 99
582 99
583 99
584 99
585 99
586 99
587 99
588 99
589 99
590 99
591 99
592 100
593 100
594 100
595 100
596 100
597 100
598 100
599 100
600 100
601 100
602 100
603 100
604 100
605 100
606 100
607 100
608 100
609 100
610 100
611 100
612 100
613 100
614 100
615 100
616 100
617 100
618 100
619 100
620 100
621 100
622 100
623 100
624 100
625 100
626 100
627 100
628 100
629 100
630 100
631 100
632 100
633 100
634 100
635 100
636 100
637 100
638 100
639 100
640 100
641 100
642 100
643 100
644 100
645 100
646 100
647 100
648 100
649 100
650 100
651 100
652 100
653 100
654 100
655 100
656 100
657 100
658 100
659 100
660 100
661 100
662 100
663 100
664 100
665 100
666 100
667 100
668 100
669 100
670 100
671 100
672 100
673 100
674 100
675 100
676 100
677 100
678 100
679 100
680 100
681 100
682 100
683 100
684 100
685 100
686 100
687 100
688 100
689 100
690 100
691 100
692 100
693 100
694 100
695 100
696 100
697 100
698 100
699 100
700 100
701 100
702 100
703 100
704 100
705 100
706 100
707 100
708 100
709 100
710 100
711 100
712 100
713 100
714 100
715 100
716 100
717 100
718 100
719 100
720 100
721 100
722 100
723 100
724 100
725 100
726 100
727 100
728 100
729 100
730 100
731 100
732 100
733 100
734 100
735 100
736 100
737 100
738 100
739 100
740 100
741 100
742 100
743 100
744 100
745 100
746 100
747 100
748 100
749 100
750 100
751 100
752 100
753 100
754 100
755 100
756 100
757 100
758 100
759 100
760 100
761 100
762 100
763 100
764 100
765 100
766 100
767 100
768 100
769 100
770 100
771 100
772 100
773 100
774 100
775 100
776 100
777 100
778 100
779 100
780 100
781 100
782 100
783 100
784 100
785 100
786 100
787 100
788 100
789 100
790 100
791 100
792 100
793 100
794 100
795 100
796 100
797 100
798 100
799 100
800 100
801 100
802 100
803 100
804 100
805 100
806 100
807 100
808 100
809 100
810 100
811 100
812 100
813 100
814 100
815 100
816 100
817 100
818 100
819 100
820 100
821 100
822 100
823 100
824 100
825 100
826 100
827 100
828 100
829 100
830 100
831 100
832 100
833 100
834 100
835 100
836 100
837 100
838 100
839 100
840 100
841 100
842 100
843 100
844 100
845 100
846 100
847 100
848 100
849 100
850 100
851 100
852 100
853 100
854 100
855 100
856 100
857 100
858 100
859 100
860 100
861 100
862 100
863 100
864 100
865 100
866 100
867 100
868 100
869 100
870 100
871 100
872 100
873 100
874 100
875 100
876 100
877 100
878 100
879 100
880 100
881 100
882 100
883 100
884 100
885 100
886 100
887 100
888 100
889 100
890 100
891 100
892 100
893 100
894 100
895 100
896 100
897 100
898 100
899 100
900 100
901 100
902 100
903 100
904 100
905 100
906 100
907 100
908 100
909 100
910 100
911 100
912 100
913 100
914 100
915 100
916 100
917 100
918 100
919 100
920 100
921 100
922 100
923 100
924 100
925 100
926 100
927 100
928 100
929 100
930 100
931 100
932 100
933 100
934 100
935 100
936 100
937 100
938 100
939 100
940 100
941 100
942 100
943 100
944 100
945 100
946 100
947 100
948 100
949 100
950 100
951 100
952 100
953 100
954 100
955 100
956 100
957 100
958 100
959 100
960 100
961 100
962 100
963 100
964 100
965 100
966 100
967 100
968 100
969 100
970 100
971 100
972 100
973 100
974 100
975 100
976 100
977 100
978 100
979 100
980 100
981 100
982 100
983 100
984 100
985 100
986 100
987 100
988 100
989 100
990 100
991 100
992 100
993 100
994 100
995 100
996 100
997 100
998 100
999 100
1000 100
