0 48
1 49
2 48
3 49
4 50
5 49
6 50
7 51
8 52
9 51
10 50
11 51
12 50
13 51
14 52
15 51
16 52
17 53
18 52
19 51
20 50
21 49
22 50
23 51
24 50
25 51
26 50
27 49
28 50
29 49
30 49
31 50
32 51
33 50
34 51
35 50
36 50
37 51
38 52
39 52
40 53
41 52
42 53
43 54
44 55
45 56
46 57
47 57
48 56
49 56
50 56
51 56
52 56
53 56
54 56
55 57
56 58
57 58
58 58
59 58
60 59
61 60
62 60
63 60
64 61
65 62
66 62
67 63
68 63
69 63
70 63
71 63
72 63
73 63
74 63
75 63
76 64
77 65
78 65
79 65
80 66
81 66
82 66
83 67
84 68
85 68
86 69
87 69
88 69
89 69
90 69
91 69
92 69
93 70
94 70
95 70
96 71
97 71
98 71
99 71
100 72
101 72
102 73
103 73
104 73
105 73
106 73
107 74
108 74
109 75
110 75
111 76
112 76
113 77
114 77
115 77
116 77
117 77
118 77
119 78
120 78
121 78
122 78
123 78
124 79
125 79
126 79
127 79
128 80
129 80
130 80
131 80
132 80
133 81
134 81
135 81
136 81
137 81
138 81
139 81
140 81
141 82
142 82
143 82
144 83
145 83
146 83
147 83
148 84
149 84
150 85
151 86
152 86
153 86
154 86
155 86
156 86
157 86
158 86
159 86
160 87
161 87
162 87
163 87
164 87
165 87
166 87
167 88
168 88
169 88
170 88
171 88
172 88
173 88
174 88
175 88
176 88
177 88
178 88
179 88
180 88
181 88
182 88
183 88
184 89
185 89
186 89
187 89
188 90
189 91
190 91
191 92
192 92
193 92
194 92
195 92
196 92
197 92
198 92
199 92
200 92
201 92
202 93
203 93
204 93
205 93
206 93
207 93
208 93
209 93
210 93
211 93
212 93
213 93
214 93
215 93
216 94
217 94
218 94
219 94
220 94
221 94
222 94
223 94
224 94
225 95
226 95
227 95
228 95
229 95
230 95
231 95
232 95
233 95
234 95
235 95
236 95
237 95
238 95
239 95
240 95
241 95
242 95
243 95
244 95
245 95
246 95
247 95
248 95
249 95
250 95
251 95
252 95
253 95
254 95
255 96
256 96
257 97
258 97
259 97
260 97
261 98
262 98
263 98
264 98
265 98
266 98
267 98
268 98
269 98
270 98
271 98
272 99
273 99
274 99
275 99
276 99
277 99
278 99
279 99
280 99
281 99
282 99
283 99
284 99
285 99
286 99
287 99
288 99
289 99
290 99
291 99
292 99
293 99
294 99
295 99
296 99
297 99
298 99
299 99
300 99
301 99
302 99
303 99
304 99
305 99
306 99
307 99
308 99
309 99
310 99
311 99
312 99
313 99
314 99
315 99
316 99
317 99
318 99
319 99
320 99
321 99
322 99
323 99
324 99
325 99
326 99
327 99
328 99
329 99
330 99
331 99
332 99
333 99
334 99
335 99
336 99
337 99
338 99
339 99
340 99
341 99
342 99
343 99
344 99
345 99
346 99
347 99
348 99
349 99
350 99
351 99
352 99
353 99
354 99
355 99
356 99
357 99
358 99
359 99
360 99
361 99
362 99
363 99
364 99
365 99
366 99
367 99
368 99
369 99
370 99
371 99
372 99
373 99
374 99
375 99
376 99
377 99
378 99
379 99
380 99
381 99
382 99
383 99
384 99
385 99
386 99
387 99
388 99
389 99
390 99
391 99
392 99
393 99
394 99
395 99
396 99
397 99
398 99
399 99
400 99
401 99
402 99
403 99
404 99
405 99
406 99
407 99
408 99
409 99
410 99
411 99
412 99
413 99
414 99
415 99
416 99
417 99
418 99
419 99
420 99
421 99
422 99
423 99
424 99
425 99
426 99
427 99
428 99
429 99
430 99
431 99
432 99
433 99
434 99
435 99
436 99
437 99
438 99
439 99
440 99
441 99
442 99
443 99
444 99
445 99
446 99
447 99
448 99
449 99
450 99
451 99
452 99
453 99
454 99
455 99
456 99
457 99
458 99
459 99
460 99
461 99
462 99
463 99
464 100
465 100
466 100
467 100
468 100
469 100
470 100
471 100
472 100
473 100
474 100
475 100
476 100
477 100
478 100
479 100
480 100
481 100
482 100
483 100
484 100
485 100
486 100
487 100
488 100
489 100
490 100
491 100
492 100
493 100
494 100
495 100
496 100
497 100
498 100
499 100
500 100
501 100
502 100
503 100
504 100
505 100
506 100
507 100
508 100
509 100
510 100
511 100
512 100
513 100
514 100
515 100
516 100
517 100
518 100
519 100
520 100
521 100
522 100
523 100
524 100
525 100
526 100
527 100
528 100
529 100
530 100
531 100
532 100
533 100
534 100
535 100
536 100
537 100
538 100
539 100
540 100
541 100
542 100
543 100
544 100
545 100
546 100
547 100
548 100
549 100
550 100
551 100
552 100
553 100
554 100
555 100
556 100
557 100
558 100
559 100
560 100
561 100
562 100
563 100
564 100
565 100
566 100
567 100
568 100
569 100
570 100
571 100
572 100
573 100
574 100
575 100
576 100
577 100
578 100
579 100
580 100
581 100
582 100
583 100
584 100
585 100
586 100
587 100
588 100
589 100
590 100
591 100
592 100
593 100
594 100
595 100
596 100
597 100
598 100
599 100
600 100
601 100
602 100
603 100
604 100
605 100
606 100
607 100
608 100
609 100
610 100
611 100
612 100
613 100
614 100
615 100
616 100
617 100
618 100
619 100
620 100
621 100
622 100
623 100
624 100
625 100
626 100
627 100
628 100
629 100
630 100
631 100
632 100
633 100
634 100
635 100
636 100
637 100
638 100
639 100
640 100
641 100
642 100
643 100
644 100
645 100
646 100
647 100
648 100
649 100
650 100
651 100
652 100
653 100
654 100
655 100
656 100
657 100
658 100
659 100
660 100
661 100
662 100
663 100
664 100
665 100
666 100
667 100
668 100
669 100
670 100
671 100
672 100
673 100
674 100
675 100
676 100
677 100
678 100
679 100
680 100
681 100
682 100
683 100
684 100
685 100
686 100
687 100
688 100
689 100
690 100
691 100
692 100
693 100
694 100
695 100
696 100
697 100
698 100
699 100
700 100
701 100
702 100
703 100
704 100
705 100
706 100
707 100
708 100
709 100
710 100
711 100
712 100
713 100
714 100
715 100
716 100
717 100
718 100
719 100
720 100
721 100
722 100
723 100
724 100
725 100
726 100
727 100
728 100
729 100
730 100
731 100
732 100
733 100
734 100
735 100
736 100
737 100
738 100
739 100
740 100
741 100
742 100
743 100
744 100
745 100
746 100
747 100
748 100
749 100
750 100
751 100
752 100
753 100
754 100
755 100
756 100
757 100
758 100
759 100
760 100
761 100
762 100
763 100
764 100
765 100
766 100
767 100
768 100
769 100
770 100
771 100
772 100
773 100
774 100
775 100
776 100
777 100
778 100
779 100
780 100
781 100
782 100
783 100
784 100
785 100
786 100
787 100
788 100
789 100
790 100
791 100
792 100
793 100
794 100
795 100
796 100
797 100
798 100
799 100
800 100
801 100
802 100
803 100
804 100
805 100
806 100
807 100
808 100
809 100
810 100
811 100
812 100
813 100
814 100
815 100
816 100
817 100
818 100
819 100
820 100
821 100
822 100
823 100
824 100
825 100
826 100
827 100
828 100
829 100
830 100
831 100
832 100
833 100
834 100
835 100
836 100
837 100
838 100
839 100
840 100
841 100
842 100
843 100
844 100
845 100
846 100
847 100
848 100
849 100
850 100
851 100
852 100
853 100
854 100
855 100
856 100
857 100
858 100
859 100
860 100
861 100
862 100
863 100
864 100
865 100
866 100
867 100
868 100
869 100
870 100
871 100
872 100
873 100
874 100
875 100
876 100
877 100
878 100
879 100
880 100
881 100
882 100
883 100
884 100
885 100
886 100
887 100
888 100
889 100
890 100
891 100
892 100
893 100
894 100
895 100
896 100
897 100
898 100
899 100
900 100
901 100
902 100
903 100
904 100
905 100
906 100
907 100
908 100
909 100
910 100
911 100
912 100
913 100
914 100
915 100
916 100
917 100
918 100
919 100
920 100
921 100
922 100
923 100
924 100
925 100
926 100
927 100
928 100
929 100
930 100
931 100
932 100
933 100
934 100
935 100
936 100
937 100
938 100
939 100
940 100
941 100
942 100
943 100
944 100
945 100
946 100
947 100
948 100
949 100
950 100
951 100
952 100
953 100
954 100
955 100
956 100
957 100
958 100
959 100
960 100
961 100
962 100
963 100
964 100
965 100
966 100
967 100
968 100
969 100
970 100
971 100
972 100
973 100
974 100
975 100
976 100
977 100
978 100
979 100
980 100
981 100
982 100
983 100
984 100
985 100
986 100
987 100
988 100
989 100
990 100
991 100
992 100
993 100
994 100
995 100
996 100
997 100
998 100
999 100
1000 100
