0 49
1 50
2 49
3 50
4 49
5 50
6 51
7 52
8 53
9 52
10 51
11 50
12 51
13 50
14 49
15 48
16 49
17 48
18 47
19 48
20 48
21 49
22 48
23 47
24 48
25 48
26 49
27 48
28 47
29 46
30 47
31 47
32 46
33 47
34 48
35 47
36 48
37 49
38 48
39 49
40 50
41 50
42 51
43 52
44 52
45 52
46 52
47 52
48 53
49 54
50 54
51 55
52 56
53 57
54 56
55 56
56 56
57 56
58 56
59 56
60 56
61 57
62 57
63 57
64 58
65 58
66 58
67 59
68 60
69 60
70 60
71 60
72 61
73 61
74 62
75 62
76 63
77 64
78 64
79 64
80 64
81 64
82 64
83 64
84 64
85 64
86 65
87 66
88 66
89 66
90 66
91 66
92 66
93 66
94 66
95 67
96 68
97 69
98 70
99 70
100 70
101 70
102 70
103 70
104 70
105 70
106 70
107 71
108 72
109 72
110 72
111 73
112 73
113 74
114 75
115 75
116 76
117 77
118 78
119 78
120 78
121 78
122 78
123 78
124 79
125 79
126 79
127 79
128 79
129 80
130 80
131 80
132 80
133 80
134 80
135 81
136 81
137 81
138 81
139 81
140 81
141 82
142 83
143 83
144 83
145 83
146 84
147 84
148 84
149 85
150 85
151 86
152 86
153 86
154 86
155 86
156 87
157 87
158 87
159 87
160 87
161 87
162 88
163 88
164 89
165 89
166 90
167 90
168 91
169 91
170 91
171 91
172 92
173 92
174 92
175 92
176 92
177 92
178 92
179 92
180 92
181 92
182 93
183 93
184 93
185 93
186 93
187 93
188 93
189 93
190 93
191 94
192 94
193 94
194 94
195 94
196 94
197 94
198 94
199 94
200 94
201 94
202 94
203 94
204 94
205 94
206 94
207 94
208 94
209 94
210 94
211 94
212 94
213 94
214 94
215 94
216 94
217 94
218 94
219 95
220 95
221 95
222 95
223 95
224 95
225 95
226 95
227 95
228 95
229 95
230 95
231 95
232 95
233 95
234 95
235 95
236 95
237 95
238 95
239 95
240 95
241 95
242 95
243 95
244 95
245 95
246 95
247 95
248 95
249 95
250 95
251 95
252 95
253 95
254 95
255 95
256 95
257 95
258 95
259 95
260 95
261 95
262 95
263 95
264 95
265 95
266 95
267 95
268 95
269 95
270 95
271 95
272 95
273 95
274 95
275 95
276 95
277 95
278 95
279 95
280 95
281 96
282 96
283 96
284 96
285 96
286 96
287 96
288 96
289 96
290 96
291 96
292 96
293 96
294 96
295 96
296 96
297 96
298 96
299 96
300 96
301 96
302 96
303 97
304 97
305 97
306 97
307 97
308 97
309 97
310 97
311 98
312 98
313 98
314 98
315 98
316 98
317 98
318 98
319 98
320 98
321 98
322 98
323 98
324 98
325 98
326 98
327 98
328 98
329 98
330 98
331 98
332 98
333 98
334 98
335 98
336 98
337 99
338 99
339 99
340 99
341 99
342 99
343 99
344 99
345 99
346 99
347 99
348 99
349 99
350 99
351 99
352 99
353 99
354 99
355 99
356 99
357 99
358 99
359 99
360 99
361 99
362 99
363 99
364 99
365 99
366 99
367 99
368 99
369 99
370 99
371 99
372 99
373 99
374 99
375 99
376 99
377 99
378 99
379 99
380 99
381 99
382 99
383 99
384 99
385 99
386 99
387 99
388 99
389 99
390 99
391 99
392 99
393 99
394 99
395 99
396 99
397 99
398 99
399 99
400 99
401 99
402 99
403 99
404 99
405 99
406 99
407 99
408 99
409 99
410 99
411 99
412 99
413 99
414 99
415 99
416 99
417 99
418 99
419 99
420 99
421 99
422 99
423 99
424 99
425 99
426 99
427 99
428 99
429 99
430 99
431 99
432 99
433 99
434 99
435 99
436 99
437 99
438 99
439 99
440 99
441 99
442 99
443 99
444 99
445 99
446 99
447 99
448 99
449 99
450 99
451 99
452 99
453 99
454 99
455 99
456 99
457 99
458 99
459 99
460 99
461 99
462 99
463 99
464 99
465 99
466 99
467 99
468 99
469 99
470 99
471 99
472 99
473 99
474 99
475 99
476 99
477 99
478 99
479 99
480 99
481 99
482 99
483 99
484 99
485 99
486 99
487 99
488 99
489 99
490 99
491 99
492 99
493 99
494 99
495 99
496 99
497 99
498 99
499 99
500 99
501 99
502 99
503 99
504 99
505 99
506 99
507 99
508 99
509 99
510 99
511 99
512 99
513 99
514 99
515 99
516 100
517 100
518 100
519 100
520 100
521 100
522 100
523 100
524 100
525 100
526 100
527 100
528 100
529 100
530 100
531 100
532 100
533 100
534 100
535 100
536 100
537 100
538 100
539 100
540 100
541 100
542 100
543 100
544 100
545 100
546 100
547 100
548 100
549 100
550 100
551 100
552 100
553 100
554 100
555 100
556 100
557 100
558 100
559 100
560 100
561 100
562 100
563 100
564 100
565 100
566 100
567 100
568 100
569 100
570 100
571 100
572 100
573 100
574 100
575 100
576 100
577 100
578 100
579 100
580 100
581 100
582 100
583 100
584 100
585 100
586 100
587 100
588 100
589 100
590 100
591 100
592 100
593 100
594 100
595 100
596 100
597 100
598 100
599 100
600 100
601 100
602 100
603 100
604 100
605 100
606 100
607 100
608 100
609 100
610 100
611 100
612 100
613 100
614 100
615 100
616 100
617 100
618 100
619 100
620 100
621 100
622 100
623 100
624 100
625 100
626 100
627 100
628 100
629 100
630 100
631 100
632 100
633 100
634 100
635 100
636 100
637 100
638 100
639 100
640 100
641 100
642 100
643 100
644 100
645 100
646 100
647 100
648 100
649 100
650 100
651 100
652 100
653 100
654 100
655 100
656 100
657 100
658 100
659 100
660 100
661 100
662 100
663 100
664 100
665 100
666 100
667 100
668 100
669 100
670 100
671 100
672 100
673 100
674 100
675 100
676 100
677 100
678 100
679 100
680 100
681 100
682 100
683 100
684 100
685 100
686 100
687 100
688 100
689 100
690 100
691 100
692 100
693 100
694 100
695 100
696 100
697 100
698 100
699 100
700 100
701 100
702 100
703 100
704 100
705 100
706 100
707 100
708 100
709 100
710 100
711 100
712 100
713 100
714 100
715 100
716 100
717 100
718 100
719 100
720 100
721 100
722 100
723 100
724 100
725 100
726 100
727 100
728 100
729 100
730 100
731 100
732 100
733 100
734 100
735 100
736 100
737 100
738 100
739 100
740 100
741 100
742 100
743 100
744 100
745 100
746 100
747 100
748 100
749 100
750 100
751 100
752 100
753 100
754 100
755 100
756 100
757 100
758 100
759 100
760 100
761 100
762 100
763 100
764 100
765 100
766 100
767 100
768 100
769 100
770 100
771 100
772 100
773 100
774 100
775 100
776 100
777 100
778 100
779 100
780 100
781 100
782 100
783 100
784 100
785 100
786 100
787 100
788 100
789 100
790 100
791 100
792 100
793 100
794 100
795 100
796 100
797 100
798 100
799 100
800 100
801 100
802 100
803 100
804 100
805 100
806 100
807 100
808 100
809 100
810 100
811 100
812 100
813 100
814 100
815 100
816 100
817 100
818 100
819 100
820 100
821 100
822 100
823 100
824 100
825 100
826 100
827 100
828 100
829 100
830 100
831 100
832 100
833 100
834 100
835 100
836 100
837 100
838 100
839 100
840 100
841 100
842 100
843 100
844 100
845 100
846 100
847 100
848 100
849 100
850 100
851 100
852 100
853 100
854 100
855 100
856 100
857 100
858 100
859 100
860 100
861 100
862 100
863 100
864 100
865 100
866 100
867 100
868 100
869 100
870 100
871 100
872 100
873 100
874 100
875 100
876 100
877 100
878 100
879 100
880 100
881 100
882 100
883 100
884 100
885 100
886 100
887 100
888 100
889 100
890 100
891 100
892 100
893 100
894 100
895 100
896 100
897 100
898 100
899 100
900 100
901 100
902 100
903 100
904 100
905 100
906 100
907 100
908 100
909 100
910 100
911 100
912 100
913 100
914 100
915 100
916 100
917 100
918 100
919 100
920 100
921 100
922 100
923 100
924 100
925 100
926 100
927 100
928 100
929 100
930 100
931 100
932 100
933 100
934 100
935 100
936 100
937 100
938 100
939 100
940 100
941 100
942 100
943 100
944 100
945 100
946 100
947 100
948 100
949 100
950 100
951 100
952 100
953 100
954 100
955 100
956 100
957 100
958 100
959 100
960 100
961 100
962 100
963 100
964 100
965 100
966 100
967 100
968 100
969 100
970 100
971 100
972 100
973 100
974 100
975 100
976 100
977 100
978 100
979 100
980 100
981 100
982 100
983 100
984 100
985 100
986 100
987 100
988 100
989 100
990 100
991 100
992 100
993 100
994 100
995 100
996 100
997 100
998 100
999 100
1000 100
