0 41
1 40
2 39
3 40
4 41
5 42
6 41
7 40
8 39
9 38
10 39
11 40
12 39
13 38
14 37
15 38
16 39
17 40
18 41
19 40
20 41
21 42
22 41
23 42
24 43
25 44
26 45
27 46
28 45
29 46
30 45
31 46
32 46
33 47
34 46
35 47
36 48
37 49
38 50
39 49
40 50
41 49
42 49
43 50
44 51
45 52
46 53
47 54
48 55
49 56
50 56
51 57
52 58
53 57
54 58
55 58
56 58
57 59
58 59
59 60
60 60
61 60
62 60
63 61
64 61
65 62
66 62
67 63
68 63
69 63
70 63
71 63
72 64
73 64
74 64
75 65
76 66
77 66
78 66
79 67
80 67
81 68
82 69
83 69
84 69
85 70
86 70
87 71
88 71
89 72
90 73
91 74
92 74
93 75
94 75
95 76
96 77
97 77
98 78
99 78
100 78
101 78
102 78
103 78
104 79
105 79
106 79
107 80
108 80
109 80
110 80
111 80
112 81
113 81
114 81
115 81
116 82
117 82
118 82
119 82
120 82
121 82
122 82
123 82
124 82
125 82
126 82
127 82
128 82
129 83
130 83
131 83
132 83
133 83
134 83
135 84
136 84
137 84
138 84
139 84
140 85
141 85
142 85
143 85
144 85
145 85
146 85
147 85
148 85
149 85
150 85
151 85
152 85
153 85
154 85
155 86
156 86
157 87
158 87
159 87
160 87
161 87
162 87
163 87
164 87
165 87
166 87
167 87
168 87
169 87
170 87
171 87
172 87
173 87
174 87
175 87
176 87
177 87
178 87
179 87
180 87
181 87
182 87
183 87
184 87
185 87
186 88
187 88
188 88
189 88
190 88
191 88
192 89
193 89
194 89
195 89
196 89
197 89
198 89
199 89
200 89
201 89
202 89
203 90
204 90
205 90
206 90
207 90
208 90
209 90
210 90
211 90
212 90
213 90
214 90
215 90
216 90
217 91
218 91
219 92
220 92
221 92
222 92
223 93
224 93
225 93
226 93
227 93
228 93
229 93
230 93
231 93
232 93
233 93
234 93
235 93
236 93
237 94
238 94
239 94
240 94
241 94
242 94
243 94
244 94
245 94
246 94
247 94
248 94
249 94
250 94
251 94
252 95
253 95
254 95
255 95
256 95
257 95
258 95
259 95
260 95
261 95
262 95
263 95
264 95
265 95
266 95
267 95
268 95
269 95
270 95
271 95
272 95
273 95
274 95
275 95
276 95
277 95
278 95
279 95
280 95
281 95
282 95
283 95
284 95
285 95
286 95
287 95
288 95
289 95
290 95
291 95
292 95
293 95
294 95
295 96
296 96
297 96
298 97
299 97
300 97
301 97
302 97
303 97
304 97
305 97
306 97
307 97
308 97
309 97
310 98
311 98
312 98
313 98
314 99
315 99
316 99
317 99
318 99
319 99
320 99
321 99
322 99
323 99
324 99
325 99
326 99
327 99
328 99
329 99
330 99
331 99
332 99
333 99
334 99
335 99
336 99
337 99
338 99
339 99
340 99
341 99
342 99
343 99
344 99
345 99
346 99
347 99
348 99
349 99
350 99
351 99
352 99
353 99
354 99
355 99
356 99
357 99
358 99
359 99
360 99
361 99
362 99
363 99
364 99
365 99
366 99
367 99
368 99
369 99
370 99
371 99
372 99
373 99
374 99
375 99
376 99
377 99
378 99
379 99
380 99
381 99
382 99
383 99
384 99
385 99
386 99
387 99
388 99
389 99
390 99
391 99
392 99
393 99
394 99
395 99
396 99
397 99
398 99
399 99
400 99
401 99
402 99
403 99
404 99
405 99
406 99
407 99
408 99
409 99
410 99
411 99
412 99
413 99
414 99
415 99
416 99
417 99
418 99
419 99
420 99
421 99
422 99
423 99
424 99
425 99
426 99
427 99
428 99
429 99
430 99
431 99
432 99
433 99
434 99
435 99
436 99
437 99
438 99
439 99
440 99
441 99
442 99
443 99
444 99
445 99
446 99
447 99
448 99
449 99
450 99
451 99
452 99
453 99
454 99
455 99
456 99
457 99
458 99
459 99
460 99
461 99
462 99
463 99
464 99
465 99
466 99
467 99
468 99
469 99
470 99
471 99
472 99
473 99
474 99
475 99
476 99
477 99
478 99
479 99
480 99
481 99
482 99
483 99
484 99
485 99
486 99
487 99
488 99
489 99
490 99
491 99
492 99
493 99
494 99
495 99
496 99
497 99
498 99
499 99
500 99
501 99
502 99
503 99
504 99
505 99
506 99
507 99
508 99
509 99
510 99
511 99
512 99
513 99
514 99
515 99
516 99
517 99
518 99
519 99
520 99
521 99
522 99
523 99
524 99
525 99
526 99
527 99
528 99
529 99
530 99
531 99
532 99
533 99
534 99
535 99
536 99
537 99
538 99
539 99
540 99
541 99
542 99
543 99
544 99
545 99
546 99
547 99
548 99
549 99
550 99
551 99
552 99
553 99
554 99
555 99
556 99
557 99
558 99
559 99
560 99
561 99
562 99
563 99
564 99
565 99
566 99
567 99
568 99
569 99
570 99
571 99
572 99
573 99
574 99
575 99
576 99
577 99
578 99
579 99
580 99
581 99
582 99
583 99
584 99
585 99
586 99
587 99
588 99
589 99
590 99
591 99
592 99
593 99
594 99
595 99
596 99
597 99
598 99
599 99
600 99
601 99
602 99
603 99
604 99
605 99
606 99
607 99
608 99
609 99
610 99
611 99
612 99
613 99
614 99
615 99
616 99
617 99
618 99
619 99
620 99
621 99
622 99
623 99
624 99
625 99
626 99
627 99
628 99
629 99
630 99
631 99
632 99
633 99
634 99
635 99
636 99
637 99
638 99
639 99
640 100
641 100
642 100
643 100
644 100
645 100
646 100
647 100
648 100
649 100
650 100
651 100
652 100
653 100
654 100
655 100
656 100
657 100
658 100
659 100
660 100
661 100
662 100
663 100
664 100
665 100
666 100
667 100
668 100
669 100
670 100
671 100
672 100
673 100
674 100
675 100
676 100
677 100
678 100
679 100
680 100
681 100
682 100
683 100
684 100
685 100
686 100
687 100
688 100
689 100
690 100
691 100
692 100
693 100
694 100
695 100
696 100
697 100
698 100
699 100
700 100
701 100
702 100
703 100
704 100
705 100
706 100
707 100
708 100
709 100
710 100
711 100
712 100
713 100
714 100
715 100
716 100
717 100
718 100
719 100
720 100
721 100
722 100
723 100
724 100
725 100
726 100
727 100
728 100
729 100
730 100
731 100
732 100
733 100
734 100
735 100
736 100
737 100
738 100
739 100
740 100
741 100
742 100
743 100
744 100
745 100
746 100
747 100
748 100
749 100
750 100
751 100
752 100
753 100
754 100
755 100
756 100
757 100
758 100
759 100
760 100
761 100
762 100
763 100
764 100
765 100
766 100
767 100
768 100
769 100
770 100
771 100
772 100
773 100
774 100
775 100
776 100
777 100
778 100
779 100
780 100
781 100
782 100
783 100
784 100
785 100
786 100
787 100
788 100
789 100
790 100
791 100
792 100
793 100
794 100
795 100
796 100
797 100
798 100
799 100
800 100
801 100
802 100
803 100
804 100
805 100
806 100
807 100
808 100
809 100
810 100
811 100
812 100
813 100
814 100
815 100
816 100
817 100
818 100
819 100
820 100
821 100
822 100
823 100
824 100
825 100
826 100
827 100
828 100
829 100
830 100
831 100
832 100
833 100
834 100
835 100
836 100
837 100
838 100
839 100
840 100
841 100
842 100
843 100
844 100
845 100
846 100
847 100
848 100
849 100
850 100
851 100
852 100
853 100
854 100
855 100
856 100
857 100
858 100
859 100
860 100
861 100
862 100
863 100
864 100
865 100
866 100
867 100
868 100
869 100
870 100
871 100
872 100
873 100
874 100
875 100
876 100
877 100
878 100
879 100
880 100
881 100
882 100
883 100
884 100
885 100
886 100
887 100
888 100
889 100
890 100
891 100
892 100
893 100
894 100
895 100
896 100
897 100
898 100
899 100
900 100
901 100
902 100
903 100
904 100
905 100
906 100
907 100
908 100
909 100
910 100
911 100
912 100
913 100
914 100
915 100
916 100
917 100
918 100
919 100
920 100
921 100
922 100
923 100
924 100
925 100
926 100
927 100
928 100
929 100
930 100
931 100
932 100
933 100
934 100
935 100
936 100
937 100
938 100
939 100
940 100
941 100
942 100
943 100
944 100
945 100
946 100
947 100
948 100
949 100
950 100
951 100
952 100
953 100
954 100
955 100
956 100
957 100
958 100
959 100
960 100
961 100
962 100
963 100
964 100
965 100
966 100
967 100
968 100
969 100
970 100
971 100
972 100
973 100
974 100
975 100
976 100
977 100
978 100
979 100
980 100
981 100
982 100
983 100
984 100
985 100
986 100
987 100
988 100
989 100
990 100
991 100
992 100
993 100
994 100
995 100
996 100
997 100
998 100
999 100
1000 100
