0 54
1 53
2 54
3 55
4 54
5 53
6 54
7 55
8 56
9 55
10 54
11 53
12 54
13 55
14 54
15 55
16 56
17 57
18 58
19 59
20 60
21 59
22 58
23 57
24 56
25 57
26 56
27 55
28 54
29 55
30 56
31 57
32 58
33 58
34 57
35 56
36 57
37 58
38 59
39 58
40 58
41 57
42 56
43 57
44 58
45 57
46 58
47 59
48 59
49 60
50 60
51 61
52 61
53 62
54 62
55 63
56 64
57 65
58 65
59 65
60 66
61 66
62 66
63 67
64 67
65 67
66 68
67 68
68 69
69 70
70 70
71 70
72 70
73 70
74 70
75 70
76 70
77 71
78 71
79 71
80 72
81 72
82 72
83 72
84 73
85 74
86 74
87 74
88 75
89 76
90 76
91 76
92 77
93 77
94 77
95 77
96 78
97 78
98 78
99 78
100 78
101 78
102 78
103 79
104 79
105 80
106 80
107 80
108 80
109 80
110 80
111 80
112 80
113 80
114 80
115 80
116 80
117 80
118 80
119 80
120 80
121 80
122 80
123 81
124 81
125 81
126 82
127 82
128 82
129 82
130 82
131 83
132 83
133 83
134 83
135 83
136 84
137 84
138 84
139 84
140 84
141 84
142 84
143 84
144 84
145 85
146 85
147 85
148 85
149 85
150 85
151 86
152 86
153 86
154 86
155 86
156 86
157 86
158 86
159 86
160 87
161 87
162 87
163 87
164 87
165 87
166 87
167 87
168 88
169 88
170 88
171 88
172 88
173 88
174 88
175 88
176 88
177 88
178 88
179 88
180 88
181 88
182 88
183 88
184 88
185 88
186 88
187 88
188 88
189 88
190 88
191 89
192 89
193 89
194 89
195 89
196 90
197 90
198 90
199 90
200 90
201 90
202 90
203 90
204 90
205 90
206 90
207 90
208 90
209 90
210 90
211 90
212 90
213 90
214 90
215 90
216 90
217 90
218 90
219 90
220 90
221 90
222 90
223 90
224 90
225 90
226 90
227 90
228 90
229 90
230 90
231 90
232 90
233 90
234 90
235 90
236 90
237 90
238 90
239 90
240 90
241 90
242 90
243 90
244 91
245 92
246 92
247 92
248 92
249 92
250 92
251 92
252 92
253 92
254 92
255 92
256 92
257 92
258 92
259 92
260 92
261 92
262 92
263 92
264 92
265 93
266 93
267 93
268 93
269 93
270 93
271 93
272 93
273 93
274 93
275 93
276 93
277 93
278 93
279 93
280 93
281 93
282 93
283 93
284 93
285 93
286 93
287 93
288 93
289 93
290 94
291 94
292 94
293 94
294 94
295 94
296 95
297 95
298 95
299 95
300 95
301 95
302 95
303 95
304 95
305 95
306 95
307 95
308 95
309 95
310 95
311 95
312 95
313 95
314 95
315 95
316 95
317 95
318 95
319 95
320 95
321 95
322 95
323 95
324 95
325 95
326 95
327 95
328 96
329 96
330 96
331 96
332 96
333 96
334 96
335 96
336 96
337 96
338 96
339 96
340 96
341 96
342 96
343 96
344 96
345 96
346 96
347 96
348 96
349 96
350 96
351 96
352 96
353 96
354 96
355 96
356 96
357 96
358 96
359 96
360 96
361 96
362 96
363 96
364 96
365 96
366 96
367 96
368 96
369 96
370 96
371 96
372 96
373 97
374 97
375 97
376 97
377 97
378 97
379 97
380 97
381 97
382 97
383 97
384 97
385 97
386 97
387 97
388 97
389 97
390 97
391 97
392 97
393 97
394 97
395 97
396 97
397 97
398 97
399 97
400 98
401 98
402 98
403 98
404 98
405 98
406 98
407 98
408 99
409 99
410 99
411 99
412 99
413 99
414 99
415 99
416 99
417 99
418 99
419 99
420 99
421 99
422 99
423 99
424 99
425 99
426 99
427 99
428 99
429 99
430 99
431 99
432 99
433 99
434 99
435 99
436 99
437 99
438 99
439 99
440 99
441 99
442 99
443 99
444 99
445 99
446 99
447 99
448 99
449 99
450 99
451 99
452 100
453 100
454 100
455 100
456 100
457 100
458 100
459 100
460 100
461 100
462 100
463 100
464 100
465 100
466 100
467 100
468 100
469 100
470 100
471 100
472 100
473 100
474 100
475 100
476 100
477 100
478 100
479 100
480 100
481 100
482 100
483 100
484 100
485 100
486 100
487 100
488 100
489 100
490 100
491 100
492 100
493 100
494 100
495 100
496 100
497 100
498 100
499 100
500 100
501 100
502 100
503 100
504 100
505 100
506 100
507 100
508 100
509 100
510 100
511 100
512 100
513 100
514 100
515 100
516 100
517 100
518 100
519 100
520 100
521 100
522 100
523 100
524 100
525 100
526 100
527 100
528 100
529 100
530 100
531 100
532 100
533 100
534 100
535 100
536 100
537 100
538 100
539 100
540 100
541 100
542 100
543 100
544 100
545 100
546 100
547 100
548 100
549 100
550 100
551 100
552 100
553 100
554 100
555 100
556 100
557 100
558 100
559 100
560 100
561 100
562 100
563 100
564 100
565 100
566 100
567 100
568 100
569 100
570 100
571 100
572 100
573 100
574 100
575 100
576 100
577 100
578 100
579 100
580 100
581 100
582 100
583 100
584 100
585 100
586 100
587 100
588 100
589 100
590 100
591 100
592 100
593 100
594 100
595 100
596 100
597 100
598 100
599 100
600 100
601 100
602 100
603 100
604 100
605 100
606 100
607 100
608 100
609 100
610 100
611 100
612 100
613 100
614 100
615 100
616 100
617 100
618 100
619 100
620 100
621 100
622 100
623 100
624 100
625 100
626 100
627 100
628 100
629 100
630 100
631 100
632 100
633 100
634 100
635 100
636 100
637 100
638 100
639 100
640 100
641 100
642 100
643 100
644 100
645 100
646 100
647 100
648 100
649 100
650 100
651 100
652 100
653 100
654 100
655 100
656 100
657 100
658 100
659 100
660 100
661 100
662 100
663 100
664 100
665 100
666 100
667 100
668 100
669 100
670 100
671 100
672 100
673 100
674 100
675 100
676 100
677 100
678 100
679 100
680 100
681 100
682 100
683 100
684 100
685 100
686 100
687 100
688 100
689 100
690 100
691 100
692 100
693 100
694 100
695 100
696 100
697 100
698 100
699 100
700 100
701 100
702 100
703 100
704 100
705 100
706 100
707 100
708 100
709 100
710 100
711 100
712 100
713 100
714 100
715 100
716 100
717 100
718 100
719 100
720 100
721 100
722 100
723 100
724 100
725 100
726 100
727 100
728 100
729 100
730 100
731 100
732 100
733 100
734 100
735 100
736 100
737 100
738 100
739 100
740 100
741 100
742 100
743 100
744 100
745 100
746 100
747 100
748 100
749 100
750 100
751 100
752 100
753 100
754 100
755 100
756 100
757 100
758 100
759 100
760 100
761 100
762 100
763 100
764 100
765 100
766 100
767 100
768 100
769 100
770 100
771 100
772 100
773 100
774 100
775 100
776 100
777 100
778 100
779 100
780 100
781 100
782 100
783 100
784 100
785 100
786 100
787 100
788 100
789 100
790 100
791 100
792 100
793 100
794 100
795 100
796 100
797 100
798 100
799 100
800 100
801 100
802 100
803 100
804 100
805 100
806 100
807 100
808 100
809 100
810 100
811 100
812 100
813 100
814 100
815 100
816 100
817 100
818 100
819 100
820 100
821 100
822 100
823 100
824 100
825 100
826 100
827 100
828 100
829 100
830 100
831 100
832 100
833 100
834 100
835 100
836 100
837 100
838 100
839 100
840 100
841 100
842 100
843 100
844 100
845 100
846 100
847 100
848 100
849 100
850 100
851 100
852 100
853 100
854 100
855 100
856 100
857 100
858 100
859 100
860 100
861 100
862 100
863 100
864 100
865 100
866 100
867 100
868 100
869 100
870 100
871 100
872 100
873 100
874 100
875 100
876 100
877 100
878 100
879 100
880 100
881 100
882 100
883 100
884 100
885 100
886 100
887 100
888 100
889 100
890 100
891 100
892 100
893 100
894 100
895 100
896 100
897 100
898 100
899 100
900 100
901 100
902 100
903 100
904 100
905 100
906 100
907 100
908 100
909 100
910 100
911 100
912 100
913 100
914 100
915 100
916 100
917 100
918 100
919 100
920 100
921 100
922 100
923 100
924 100
925 100
926 100
927 100
928 100
929 100
930 100
931 100
932 100
933 100
934 100
935 100
936 100
937 100
938 100
939 100
940 100
941 100
942 100
943 100
944 100
945 100
946 100
947 100
948 100
949 100
950 100
951 100
952 100
953 100
954 100
955 100
956 100
957 100
958 100
959 100
960 100
961 100
962 100
963 100
964 100
965 100
966 100
967 100
968 100
969 100
970 100
971 100
972 100
973 100
974 100
975 100
976 100
977 100
978 100
979 100
980 100
981 100
982 100
983 100
984 100
985 100
986 100
987 100
988 100
989 100
990 100
991 100
992 100
993 100
994 100
995 100
996 100
997 100
998 100
999 100
1000 100
