0 59
1 60
2 59
3 58
4 57
5 56
6 55
7 56
8 55
9 56
10 57
11 58
12 59
13 59
14 58
15 59
16 58
17 59
18 60
19 59
20 58
21 59
22 58
23 59
24 58
25 57
26 58
27 58
28 59
29 60
30 59
31 58
32 57
33 56
34 55
35 54
36 54
37 53
38 52
39 51
40 52
41 53
42 54
43 55
44 56
45 57
46 57
47 57
48 58
49 58
50 59
51 59
52 59
53 59
54 60
55 60
56 61
57 61
58 61
59 62
60 62
61 62
62 63
63 63
64 63
65 64
66 65
67 65
68 66
69 66
70 66
71 66
72 67
73 67
74 67
75 68
76 68
77 68
78 68
79 68
80 68
81 69
82 69
83 69
84 69
85 69
86 69
87 70
88 71
89 71
90 71
91 71
92 71
93 71
94 71
95 71
96 71
97 71
98 71
99 72
100 73
101 74
102 74
103 74
104 74
105 75
106 75
107 76
108 76
109 76
110 76
111 76
112 77
113 77
114 77
115 77
116 77
117 77
118 77
119 77
120 77
121 77
122 77
123 77
124 78
125 78
126 78
127 78
128 78
129 78
130 78
131 79
132 79
133 79
134 79
135 79
136 79
137 80
138 80
139 80
140 80
141 80
142 80
143 80
144 80
145 80
146 80
147 81
148 81
149 81
150 81
151 81
152 81
153 81
154 81
155 81
156 81
157 81
158 82
159 83
160 83
161 83
162 84
163 84
164 85
165 85
166 85
167 85
168 85
169 85
170 85
171 85
172 85
173 86
174 86
175 86
176 86
177 86
178 86
179 86
180 86
181 86
182 87
183 87
184 87
185 87
186 87
187 87
188 87
189 87
190 87
191 87
192 87
193 88
194 88
195 88
196 88
197 88
198 89
199 89
200 89
201 90
202 90
203 90
204 90
205 90
206 90
207 90
208 90
209 90
210 90
211 90
212 90
213 90
214 90
215 90
216 90
217 90
218 90
219 90
220 90
221 90
222 90
223 90
224 90
225 90
226 90
227 90
228 90
229 90
230 90
231 90
232 90
233 90
234 90
235 90
236 90
237 90
238 90
239 90
240 90
241 90
242 90
243 90
244 90
245 90
246 90
247 90
248 91
249 91
250 91
251 91
252 91
253 91
254 91
255 91
256 91
257 91
258 91
259 91
260 91
261 91
262 91
263 91
264 91
265 91
266 91
267 91
268 91
269 91
270 91
271 91
272 92
273 93
274 93
275 93
276 93
277 93
278 93
279 93
280 93
281 93
282 93
283 93
284 93
285 94
286 94
287 94
288 94
289 94
290 94
291 94
292 94
293 94
294 94
295 94
296 94
297 94
298 94
299 94
300 94
301 94
302 94
303 95
304 95
305 95
306 95
307 95
308 95
309 95
310 95
311 95
312 95
313 95
314 95
315 95
316 95
317 95
318 95
319 95
320 95
321 95
322 95
323 95
324 95
325 95
326 95
327 95
328 95
329 95
330 95
331 95
332 95
333 95
334 95
335 95
336 95
337 95
338 95
339 95
340 95
341 95
342 95
343 95
344 95
345 95
346 95
347 95
348 95
349 95
350 95
351 95
352 95
353 95
354 95
355 95
356 95
357 95
358 95
359 95
360 95
361 95
362 95
363 95
364 95
365 95
366 95
367 95
368 95
369 95
370 95
371 95
372 95
373 95
374 95
375 95
376 95
377 95
378 95
379 95
380 95
381 95
382 95
383 95
384 95
385 95
386 95
387 95
388 95
389 96
390 96
391 96
392 96
393 96
394 96
395 96
396 96
397 96
398 96
399 96
400 96
401 96
402 96
403 96
404 96
405 96
406 96
407 96
408 96
409 96
410 96
411 96
412 96
413 96
414 96
415 96
416 96
417 96
418 96
419 96
420 96
421 96
422 96
423 96
424 96
425 96
426 96
427 96
428 96
429 96
430 96
431 96
432 96
433 96
434 96
435 96
436 96
437 96
438 96
439 96
440 96
441 96
442 96
443 96
444 96
445 97
446 97
447 97
448 97
449 97
450 97
451 97
452 98
453 98
454 98
455 98
456 98
457 98
458 98
459 98
460 98
461 98
462 98
463 98
464 98
465 98
466 98
467 98
468 98
469 98
470 98
471 98
472 98
473 98
474 98
475 98
476 98
477 98
478 98
479 98
480 98
481 98
482 98
483 98
484 98
485 98
486 98
487 98
488 98
489 98
490 98
491 98
492 98
493 98
494 98
495 98
496 98
497 98
498 98
499 98
500 98
501 98
502 98
503 98
504 98
505 98
506 98
507 98
508 98
509 98
510 98
511 98
512 98
513 98
514 98
515 98
516 98
517 98
518 98
519 98
520 98
521 98
522 99
523 99
524 99
525 99
526 99
527 99
528 99
529 99
530 99
531 99
532 99
533 99
534 99
535 99
536 99
537 99
538 99
539 99
540 99
541 99
542 99
543 99
544 99
545 99
546 99
547 99
548 99
549 99
550 99
551 99
552 99
553 99
554 99
555 99
556 99
557 99
558 99
559 99
560 99
561 99
562 99
563 99
564 99
565 99
566 99
567 99
568 99
569 99
570 99
571 99
572 99
573 99
574 99
575 99
576 99
577 99
578 99
579 99
580 99
581 99
582 99
583 99
584 99
585 99
586 99
587 99
588 99
589 99
590 99
591 99
592 99
593 99
594 99
595 99
596 99
597 99
598 99
599 99
600 99
601 99
602 99
603 99
604 99
605 99
606 99
607 99
608 99
609 99
610 99
611 99
612 99
613 99
614 99
615 99
616 99
617 99
618 99
619 99
620 99
621 99
622 99
623 99
624 99
625 99
626 99
627 99
628 99
629 99
630 99
631 99
632 99
633 99
634 99
635 99
636 99
637 99
638 99
639 99
640 99
641 99
642 99
643 99
644 99
645 99
646 99
647 99
648 99
649 99
650 99
651 99
652 99
653 99
654 99
655 99
656 99
657 99
658 99
659 99
660 99
661 99
662 99
663 99
664 99
665 100
666 100
667 100
668 100
669 100
670 100
671 100
672 100
673 100
674 100
675 100
676 100
677 100
678 100
679 100
680 100
681 100
682 100
683 100
684 100
685 100
686 100
687 100
688 100
689 100
690 100
691 100
692 100
693 100
694 100
695 100
696 100
697 100
698 100
699 100
700 100
701 100
702 100
703 100
704 100
705 100
706 100
707 100
708 100
709 100
710 100
711 100
712 100
713 100
714 100
715 100
716 100
717 100
718 100
719 100
720 100
721 100
722 100
723 100
724 100
725 100
726 100
727 100
728 100
729 100
730 100
731 100
732 100
733 100
734 100
735 100
736 100
737 100
738 100
739 100
740 100
741 100
742 100
743 100
744 100
745 100
746 100
747 100
748 100
749 100
750 100
751 100
752 100
753 100
754 100
755 100
756 100
757 100
758 100
759 100
760 100
761 100
762 100
763 100
764 100
765 100
766 100
767 100
768 100
769 100
770 100
771 100
772 100
773 100
774 100
775 100
776 100
777 100
778 100
779 100
780 100
781 100
782 100
783 100
784 100
785 100
786 100
787 100
788 100
789 100
790 100
791 100
792 100
793 100
794 100
795 100
796 100
797 100
798 100
799 100
800 100
801 100
802 100
803 100
804 100
805 100
806 100
807 100
808 100
809 100
810 100
811 100
812 100
813 100
814 100
815 100
816 100
817 100
818 100
819 100
820 100
821 100
822 100
823 100
824 100
825 100
826 100
827 100
828 100
829 100
830 100
831 100
832 100
833 100
834 100
835 100
836 100
837 100
838 100
839 100
840 100
841 100
842 100
843 100
844 100
845 100
846 100
847 100
848 100
849 100
850 100
851 100
852 100
853 100
854 100
855 100
856 100
857 100
858 100
859 100
860 100
861 100
862 100
863 100
864 100
865 100
866 100
867 100
868 100
869 100
870 100
871 100
872 100
873 100
874 100
875 100
876 100
877 100
878 100
879 100
880 100
881 100
882 100
883 100
884 100
885 100
886 100
887 100
888 100
889 100
890 100
891 100
892 100
893 100
894 100
895 100
896 100
897 100
898 100
899 100
900 100
901 100
902 100
903 100
904 100
905 100
906 100
907 100
908 100
909 100
910 100
911 100
912 100
913 100
914 100
915 100
916 100
917 100
918 100
919 100
920 100
921 100
922 100
923 100
924 100
925 100
926 100
927 100
928 100
929 100
930 100
931 100
932 100
933 100
934 100
935 100
936 100
937 100
938 100
939 100
940 100
941 100
942 100
943 100
944 100
945 100
946 100
947 100
948 100
949 100
950 100
951 100
952 100
953 100
954 100
955 100
956 100
957 100
958 100
959 100
960 100
961 100
962 100
963 100
964 100
965 100
966 100
967 100
968 100
969 100
970 100
971 100
972 100
973 100
974 100
975 100
976 100
977 100
978 100
979 100
980 100
981 100
982 100
983 100
984 100
985 100
986 100
987 100
988 100
989 100
990 100
991 100
992 100
993 100
994 100
995 100
996 100
997 100
998 100
999 100
1000 100
