0 51
1 50
2 51
3 50
4 49
5 48
6 49
7 48
8 47
9 48
10 49
11 50
12 49
13 48
14 47
15 46
16 45
17 46
18 47
19 48
20 49
21 48
22 47
23 48
24 49
25 50
26 49
27 50
28 49
29 48
30 49
31 50
32 51
33 52
34 53
35 52
36 53
37 54
38 53
39 53
40 54
41 53
42 54
43 55
44 54
45 55
46 55
47 55
48 54
49 53
50 53
51 52
52 52
53 52
54 52
55 51
56 52
57 52
58 53
59 54
60 55
61 55
62 56
63 56
64 57
65 57
66 57
67 57
68 57
69 57
70 58
71 58
72 58
73 58
74 58
75 58
76 59
77 59
78 59
79 59
80 60
81 61
82 61
83 61
84 61
85 62
86 63
87 64
88 65
89 65
90 65
91 65
92 66
93 66
94 66
95 67
96 68
97 68
98 68
99 69
100 69
101 69
102 69
103 69
104 69
105 70
106 70
107 71
108 71
109 71
110 71
111 71
112 71
113 72
114 73
115 73
116 73
117 73
118 73
119 73
120 73
121 73
122 73
123 73
124 73
125 74
126 74
127 75
128 76
129 76
130 76
131 76
132 76
133 76
134 76
135 77
136 77
137 77
138 77
139 77
140 77
141 77
142 77
143 78
144 79
145 79
146 79
147 79
148 79
149 79
150 80
151 80
152 81
153 81
154 82
155 82
156 82
157 82
158 82
159 82
160 82
161 82
162 83
163 84
164 84
165 84
166 84
167 84
168 84
169 84
170 84
171 84
172 84
173 84
174 84
175 84
176 84
177 84
178 85
179 85
180 85
181 85
182 85
183 85
184 85
185 85
186 85
187 85
188 85
189 86
190 86
191 86
192 86
193 86
194 86
195 86
196 86
197 87
198 87
199 88
200 89
201 89
202 89
203 89
204 89
205 89
206 89
207 89
208 90
209 90
210 90
211 90
212 90
213 90
214 90
215 90
216 90
217 90
218 90
219 90
220 90
221 91
222 92
223 92
224 92
225 92
226 92
227 92
228 92
229 92
230 92
231 92
232 92
233 93
234 93
235 93
236 93
237 93
238 93
239 93
240 93
241 93
242 93
243 93
244 93
245 93
246 93
247 93
248 93
249 93
250 93
251 93
252 93
253 93
254 93
255 93
256 93
257 93
258 93
259 93
260 93
261 93
262 93
263 93
264 93
265 93
266 93
267 93
268 93
269 94
270 94
271 94
272 94
273 94
274 94
275 94
276 94
277 94
278 94
279 94
280 94
281 94
282 95
283 95
284 96
285 96
286 96
287 96
288 96
289 96
290 96
291 96
292 96
293 96
294 96
295 96
296 96
297 96
298 96
299 96
300 96
301 96
302 96
303 96
304 96
305 96
306 96
307 96
308 96
309 96
310 96
311 96
312 96
313 96
314 96
315 96
316 96
317 96
318 96
319 96
320 96
321 96
322 96
323 96
324 96
325 96
326 96
327 96
328 96
329 96
330 96
331 96
332 96
333 96
334 96
335 96
336 96
337 96
338 96
339 96
340 96
341 96
342 96
343 96
344 96
345 96
346 96
347 96
348 96
349 96
350 96
351 96
352 96
353 96
354 96
355 96
356 96
357 96
358 96
359 96
360 96
361 96
362 96
363 96
364 96
365 96
366 96
367 96
368 96
369 96
370 96
371 96
372 96
373 96
374 96
375 96
376 96
377 96
378 96
379 96
380 96
381 96
382 96
383 96
384 96
385 96
386 96
387 96
388 96
389 96
390 96
391 96
392 97
393 97
394 97
395 97
396 97
397 97
398 97
399 97
400 97
401 97
402 97
403 97
404 97
405 98
406 98
407 98
408 98
409 98
410 98
411 98
412 98
413 98
414 98
415 98
416 99
417 99
418 99
419 99
420 99
421 99
422 99
423 99
424 99
425 99
426 99
427 99
428 99
429 99
430 99
431 99
432 99
433 99
434 99
435 99
436 99
437 99
438 99
439 99
440 99
441 99
442 99
443 99
444 99
445 99
446 99
447 99
448 99
449 99
450 99
451 99
452 99
453 99
454 99
455 99
456 99
457 99
458 99
459 99
460 99
461 99
462 99
463 99
464 99
465 99
466 99
467 99
468 99
469 99
470 99
471 99
472 99
473 99
474 99
475 99
476 99
477 99
478 99
479 99
480 99
481 99
482 99
483 99
484 99
485 99
486 99
487 99
488 99
489 99
490 99
491 99
492 99
493 99
494 99
495 99
496 99
497 99
498 99
499 99
500 99
501 99
502 99
503 99
504 99
505 99
506 99
507 99
508 99
509 99
510 99
511 99
512 99
513 99
514 99
515 99
516 99
517 99
518 99
519 99
520 99
521 99
522 99
523 99
524 99
525 99
526 99
527 99
528 99
529 99
530 100
531 100
532 100
533 100
534 100
535 100
536 100
537 100
538 100
539 100
540 100
541 100
542 100
543 100
544 100
545 100
546 100
547 100
548 100
549 100
550 100
551 100
552 100
553 100
554 100
555 100
556 100
557 100
558 100
559 100
560 100
561 100
562 100
563 100
564 100
565 100
566 100
567 100
568 100
569 100
570 100
571 100
572 100
573 100
574 100
575 100
576 100
577 100
578 100
579 100
580 100
581 100
582 100
583 100
584 100
585 100
586 100
587 100
588 100
589 100
590 100
591 100
592 100
593 100
594 100
595 100
596 100
597 100
598 100
599 100
600 100
601 100
602 100
603 100
604 100
605 100
606 100
607 100
608 100
609 100
610 100
611 100
612 100
613 100
614 100
615 100
616 100
617 100
618 100
619 100
620 100
621 100
622 100
623 100
624 100
625 100
626 100
627 100
628 100
629 100
630 100
631 100
632 100
633 100
634 100
635 100
636 100
637 100
638 100
639 100
640 100
641 100
642 100
643 100
644 100
645 100
646 100
647 100
648 100
649 100
650 100
651 100
652 100
653 100
654 100
655 100
656 100
657 100
658 100
659 100
660 100
661 100
662 100
663 100
664 100
665 100
666 100
667 100
668 100
669 100
670 100
671 100
672 100
673 100
674 100
675 100
676 100
677 100
678 100
679 100
680 100
681 100
682 100
683 100
684 100
685 100
686 100
687 100
688 100
689 100
690 100
691 100
692 100
693 100
694 100
695 100
696 100
697 100
698 100
699 100
700 100
701 100
702 100
703 100
704 100
705 100
706 100
707 100
708 100
709 100
710 100
711 100
712 100
713 100
714 100
715 100
716 100
717 100
718 100
719 100
720 100
721 100
722 100
723 100
724 100
725 100
726 100
727 100
728 100
729 100
730 100
731 100
732 100
733 100
734 100
735 100
736 100
737 100
738 100
739 100
740 100
741 100
742 100
743 100
744 100
745 100
746 100
747 100
748 100
749 100
750 100
751 100
752 100
753 100
754 100
755 100
756 100
757 100
758 100
759 100
760 100
761 100
762 100
763 100
764 100
765 100
766 100
767 100
768 100
769 100
770 100
771 100
772 100
773 100
774 100
775 100
776 100
777 100
778 100
779 100
780 100
781 100
782 100
783 100
784 100
785 100
786 100
787 100
788 100
789 100
790 100
791 100
792 100
793 100
794 100
795 100
796 100
797 100
798 100
799 100
800 100
801 100
802 100
803 100
804 100
805 100
806 100
807 100
808 100
809 100
810 100
811 100
812 100
813 100
814 100
815 100
816 100
817 100
818 100
819 100
820 100
821 100
822 100
823 100
824 100
825 100
826 100
827 100
828 100
829 100
830 100
831 100
832 100
833 100
834 100
835 100
836 100
837 100
838 100
839 100
840 100
841 100
842 100
843 100
844 100
845 100
846 100
847 100
848 100
849 100
850 100
851 100
852 100
853 100
854 100
855 100
856 100
857 100
858 100
859 100
860 100
861 100
862 100
863 100
864 100
865 100
866 100
867 100
868 100
869 100
870 100
871 100
872 100
873 100
874 100
875 100
876 100
877 100
878 100
879 100
880 100
881 100
882 100
883 100
884 100
885 100
886 100
887 100
888 100
889 100
890 100
891 100
892 100
893 100
894 100
895 100
896 100
897 100
898 100
899 100
900 100
901 100
902 100
903 100
904 100
905 100
906 100
907 100
908 100
909 100
910 100
911 100
912 100
913 100
914 100
915 100
916 100
917 100
918 100
919 100
920 100
921 100
922 100
923 100
924 100
925 100
926 100
927 100
928 100
929 100
930 100
931 100
932 100
933 100
934 100
935 100
936 100
937 100
938 100
939 100
940 100
941 100
942 100
943 100
944 100
945 100
946 100
947 100
948 100
949 100
950 100
951 100
952 100
953 100
954 100
955 100
956 100
957 100
958 100
959 100
960 100
961 100
962 100
963 100
964 100
965 100
966 100
967 100
968 100
969 100
970 100
971 100
972 100
973 100
974 100
975 100
976 100
977 100
978 100
979 100
980 100
981 100
982 100
983 100
984 100
985 100
986 100
987 100
988 100
989 100
990 100
991 100
992 100
993 100
994 100
995 100
996 100
997 100
998 100
999 100
1000 100
