0 47
1 46
2 47
3 46
4 45
5 46
6 45
7 46
8 45
9 46
10 47
11 46
12 45
13 44
14 45
15 46
16 45
17 46
18 47
19 46
20 47
21 48
22 49
23 48
24 47
25 48
26 49
27 50
28 51
29 50
30 51
31 50
32 49
33 50
34 51
35 50
36 51
37 50
38 51
39 50
40 51
41 52
42 53
43 52
44 51
45 51
46 52
47 53
48 53
49 54
50 55
51 56
52 55
53 54
54 54
55 54
56 55
57 56
58 57
59 58
60 58
61 58
62 59
63 59
64 59
65 60
66 60
67 60
68 60
69 61
70 62
71 63
72 64
73 64
74 65
75 66
76 66
77 67
78 68
79 68
80 69
81 69
82 69
83 69
84 70
85 70
86 70
87 71
88 72
89 72
90 72
91 73
92 74
93 74
94 75
95 75
96 75
97 76
98 77
99 77
100 77
101 78
102 78
103 78
104 78
105 79
106 80
107 80
108 80
109 80
110 80
111 80
112 80
113 80
114 80
115 80
116 80
117 80
118 80
119 80
120 80
121 80
122 80
123 81
124 82
125 82
126 82
127 82
128 82
129 82
130 82
131 83
132 83
133 84
134 84
135 84
136 84
137 84
138 84
139 85
140 85
141 85
142 85
143 85
144 85
145 85
146 85
147 85
148 85
149 85
150 85
151 85
152 85
153 86
154 87
155 88
156 88
157 88
158 88
159 89
160 89
161 89
162 89
163 89
164 89
165 89
166 89
167 89
168 89
169 89
170 89
171 89
172 89
173 89
174 89
175 89
176 89
177 89
178 89
179 89
180 90
181 90
182 90
183 90
184 90
185 90
186 90
187 90
188 90
189 90
190 90
191 91
192 91
193 91
194 91
195 91
196 91
197 91
198 91
199 91
200 91
201 91
202 91
203 91
204 91
205 91
206 91
207 91
208 91
209 91
210 91
211 91
212 91
213 91
214 91
215 91
216 91
217 91
218 91
219 91
220 91
221 91
222 91
223 91
224 91
225 91
226 91
227 91
228 91
229 91
230 91
231 91
232 91
233 91
234 91
235 91
236 91
237 91
238 91
239 91
240 92
241 92
242 92
243 92
244 92
245 92
246 92
247 92
248 92
249 92
250 92
251 92
252 92
253 92
254 92
255 92
256 92
257 92
258 93
259 93
260 94
261 94
262 94
263 94
264 94
265 94
266 94
267 94
268 94
269 94
270 94
271 94
272 94
273 94
274 94
275 94
276 95
277 95
278 95
279 95
280 95
281 95
282 95
283 95
284 95
285 96
286 96
287 96
288 96
289 96
290 96
291 96
292 96
293 96
294 96
295 96
296 96
297 96
298 96
299 96
300 96
301 96
302 96
303 96
304 96
305 96
306 97
307 97
308 97
309 97
310 97
311 97
312 97
313 97
314 97
315 97
316 97
317 97
318 97
319 97
320 97
321 97
322 97
323 97
324 97
325 97
326 97
327 97
328 97
329 97
330 97
331 97
332 97
333 97
334 97
335 97
336 98
337 98
338 98
339 98
340 98
341 98
342 98
343 98
344 98
345 98
346 98
347 98
348 98
349 98
350 98
351 98
352 98
353 98
354 98
355 98
356 98
357 98
358 98
359 98
360 98
361 98
362 98
363 98
364 98
365 98
366 98
367 98
368 98
369 98
370 98
371 98
372 98
373 98
374 98
375 98
376 98
377 98
378 98
379 98
380 98
381 98
382 98
383 98
384 98
385 98
386 98
387 98
388 98
389 98
390 98
391 98
392 98
393 98
394 98
395 98
396 98
397 98
398 98
399 98
400 98
401 98
402 98
403 98
404 98
405 98
406 98
407 98
408 98
409 98
410 98
411 98
412 98
413 98
414 98
415 98
416 98
417 98
418 98
419 98
420 98
421 98
422 98
423 98
424 98
425 98
426 98
427 98
428 98
429 98
430 98
431 98
432 98
433 98
434 98
435 98
436 98
437 98
438 98
439 98
440 98
441 98
442 98
443 98
444 98
445 98
446 98
447 99
448 99
449 99
450 99
451 99
452 99
453 100
454 100
455 100
456 100
457 100
458 100
459 100
460 100
461 100
462 100
463 100
464 100
465 100
466 100
467 100
468 100
469 100
470 100
471 100
472 100
473 100
474 100
475 100
476 100
477 100
478 100
479 100
480 100
481 100
482 100
483 100
484 100
485 100
486 100
487 100
488 100
489 100
490 100
491 100
492 100
493 100
494 100
495 100
496 100
497 100
498 100
499 100
500 100
501 100
502 100
503 100
504 100
505 100
506 100
507 100
508 100
509 100
510 100
511 100
512 100
513 100
514 100
515 100
516 100
517 100
518 100
519 100
520 100
521 100
522 100
523 100
524 100
525 100
526 100
527 100
528 100
529 100
530 100
531 100
532 100
533 100
534 100
535 100
536 100
537 100
538 100
539 100
540 100
541 100
542 100
543 100
544 100
545 100
546 100
547 100
548 100
549 100
550 100
551 100
552 100
553 100
554 100
555 100
556 100
557 100
558 100
559 100
560 100
561 100
562 100
563 100
564 100
565 100
566 100
567 100
568 100
569 100
570 100
571 100
572 100
573 100
574 100
575 100
576 100
577 100
578 100
579 100
580 100
581 100
582 100
583 100
584 100
585 100
586 100
587 100
588 100
589 100
590 100
591 100
592 100
593 100
594 100
595 100
596 100
597 100
598 100
599 100
600 100
601 100
602 100
603 100
604 100
605 100
606 100
607 100
608 100
609 100
610 100
611 100
612 100
613 100
614 100
615 100
616 100
617 100
618 100
619 100
620 100
621 100
622 100
623 100
624 100
625 100
626 100
627 100
628 100
629 100
630 100
631 100
632 100
633 100
634 100
635 100
636 100
637 100
638 100
639 100
640 100
641 100
642 100
643 100
644 100
645 100
646 100
647 100
648 100
649 100
650 100
651 100
652 100
653 100
654 100
655 100
656 100
657 100
658 100
659 100
660 100
661 100
662 100
663 100
664 100
665 100
666 100
667 100
668 100
669 100
670 100
671 100
672 100
673 100
674 100
675 100
676 100
677 100
678 100
679 100
680 100
681 100
682 100
683 100
684 100
685 100
686 100
687 100
688 100
689 100
690 100
691 100
692 100
693 100
694 100
695 100
696 100
697 100
698 100
699 100
700 100
701 100
702 100
703 100
704 100
705 100
706 100
707 100
708 100
709 100
710 100
711 100
712 100
713 100
714 100
715 100
716 100
717 100
718 100
719 100
720 100
721 100
722 100
723 100
724 100
725 100
726 100
727 100
728 100
729 100
730 100
731 100
732 100
733 100
734 100
735 100
736 100
737 100
738 100
739 100
740 100
741 100
742 100
743 100
744 100
745 100
746 100
747 100
748 100
749 100
750 100
751 100
752 100
753 100
754 100
755 100
756 100
757 100
758 100
759 100
760 100
761 100
762 100
763 100
764 100
765 100
766 100
767 100
768 100
769 100
770 100
771 100
772 100
773 100
774 100
775 100
776 100
777 100
778 100
779 100
780 100
781 100
782 100
783 100
784 100
785 100
786 100
787 100
788 100
789 100
790 100
791 100
792 100
793 100
794 100
795 100
796 100
797 100
798 100
799 100
800 100
801 100
802 100
803 100
804 100
805 100
806 100
807 100
808 100
809 100
810 100
811 100
812 100
813 100
814 100
815 100
816 100
817 100
818 100
819 100
820 100
821 100
822 100
823 100
824 100
825 100
826 100
827 100
828 100
829 100
830 100
831 100
832 100
833 100
834 100
835 100
836 100
837 100
838 100
839 100
840 100
841 100
842 100
843 100
844 100
845 100
846 100
847 100
848 100
849 100
850 100
851 100
852 100
853 100
854 100
855 100
856 100
857 100
858 100
859 100
860 100
861 100
862 100
863 100
864 100
865 100
866 100
867 100
868 100
869 100
870 100
871 100
872 100
873 100
874 100
875 100
876 100
877 100
878 100
879 100
880 100
881 100
882 100
883 100
884 100
885 100
886 100
887 100
888 100
889 100
890 100
891 100
892 100
893 100
894 100
895 100
896 100
897 100
898 100
899 100
900 100
901 100
902 100
903 100
904 100
905 100
906 100
907 100
908 100
909 100
910 100
911 100
912 100
913 100
914 100
915 100
916 100
917 100
918 100
919 100
920 100
921 100
922 100
923 100
924 100
925 100
926 100
927 100
928 100
929 100
930 100
931 100
932 100
933 100
934 100
935 100
936 100
937 100
938 100
939 100
940 100
941 100
942 100
943 100
944 100
945 100
946 100
947 100
948 100
949 100
950 100
951 100
952 100
953 100
954 100
955 100
956 100
957 100
958 100
959 100
960 100
961 100
962 100
963 100
964 100
965 100
966 100
967 100
968 100
969 100
970 100
971 100
972 100
973 100
974 100
975 100
976 100
977 100
978 100
979 100
980 100
981 100
982 100
983 100
984 100
985 100
986 100
987 100
988 100
989 100
990 100
991 100
992 100
993 100
994 100
995 100
996 100
997 100
998 100
999 100
1000 100
