0 10.8489
1 3.61883
2 3.61883
3 3.61883
4 3.61883
5 3.61883
6 3.61883
7 3.61883
8 3.61883
9 3.61883
10 3.61883
11 3.61883
12 2.32008
13 2.32008
14 2.32008
15 2.32008
16 2.32008
17 2.32008
18 2.32008
19 2.32008
20 2.32008
21 2.32008
22 2.32008
23 2.32008
24 2.32008
25 2.32008
26 2.32008
27 2.32008
28 2.32008
29 2.32008
30 2.32008
31 2.32008
32 2.32008
33 2.26614
34 2.26614
35 2.26614
36 2.26614
37 2.26614
38 2.26614
39 2.26614
40 2.26614
41 2.26614
42 2.26614
43 2.26614
44 2.26614
45 2.26614
46 2.26614
47 2.26614
48 2.26614
49 2.26614
50 2.26614
51 2.26614
52 2.21466
53 2.21466
54 0.688336
55 0.688336
56 0.688336
57 0.688336
58 0.688336
59 0.688336
60 0.688336
61 0.688336
62 0.688336
63 0.688336
64 0.688336
65 0.688336
66 0.688336
67 0.688336
68 0.400976
69 0.400976
70 0.173883
71 0.173883
72 0.173883
73 0.173883
74 0.173883
75 0.173883
76 0.173883
77 0.173883
78 0.173883
79 0.173883
80 0.173883
81 0.173883
82 0.173883
83 0.173883
84 0.173883
85 0.173883
86 0.173883
87 0.0492368
88 0.0492368
89 0.01762
90 0.01762
91 0.01762
92 0.01762
93 0.01762
94 0.01762
95 0.01762
96 0.01762
97 0.01762
98 0.01762
99 0.01762
100 0.01762
101 0.01762
102 0.01762
103 0.01762
104 0.01762
105 0.01762
106 0.01762
107 0.01762
108 0.01762
109 0.01762
110 0.01762
111 0.01762
112 0.01762
113 0.01762
114 0.01762
115 0.01762
116 0.01762
117 0.01762
118 0.01762
119 0.01762
120 0.01762
121 0.01762
122 0.00560285
123 0.00560285
124 0.00560285
125 0.00560285
126 0.00560285
127 0.00560285
128 0.00560285
129 0.00560285
130 0.00560285
131 0.00560285
132 0.00560285
133 0.00560285
134 0.00560285
135 0.0053568
136 0.0053568
137 0.0053568
138 0.0053568
139 0.0053568
140 0.0053568
141 0.0053568
142 0.0053568
143 0.0053568
144 0.0053568
145 0.0053568
146 0.0053568
147 0.00086883
148 0.00086883
149 0.00086883
150 0.00086883
151 0.00086883
152 0.00086883
153 0.00086883
154 0.00086883
155 0.00086883
156 0.00086883
157 0.000277358
158 0.000277358
159 0.000277358
160 0.000277358
161 0.000277358
162 0.000277358
163 0.000277358
164 0.000277358
165 0.000277358
166 0.000277358
167 0.000223705
168 0.000223705
169 0.000115597
170 0.000115597
171 0.000115597
172 2.88309e-05
173 2.88309e-05
174 2.88309e-05
175 2.88309e-05
176 2.88309e-05
177 2.88309e-05
178 2.88309e-05
179 2.88309e-05
180 2.88309e-05
181 2.88309e-05
182 2.88309e-05
183 2.88309e-05
184 2.88309e-05
185 2.88309e-05
186 2.88309e-05
187 2.88309e-05
188 2.88309e-05
189 2.88309e-05
190 2.88309e-05
191 2.88309e-05
192 2.88309e-05
193 2.88309e-05
194 2.88309e-05
195 2.08684e-05
196 2.01252e-05
197 1.17216e-05
198 8.49628e-06
199 2.24692e-06
200 2.24692e-06
201 1.52477e-06
202 1.39554e-06
203 1.39554e-06
204 1.39554e-06
205 1.34729e-06
206 1.34729e-06
207 1.34729e-06
208 1.26915e-06
209 1.26357e-06
210 1.26357e-06
211 1.26357e-06
212 1.26309e-06
213 1.26309e-06
214 1.26309e-06
215 1.26309e-06
216 1.26309e-06
217 1.26309e-06
218 1.26309e-06
219 1.26309e-06
220 1.25725e-06
221 1.25725e-06
222 1.25725e-06
223 1.25725e-06
224 1.25725e-06
225 1.25725e-06
226 1.25725e-06
227 1.25725e-06
228 1.25725e-06
229 1.25725e-06
230 1.25725e-06
231 7.44702e-07
232 2.41745e-07
233 3.6037e-08
234 3.6037e-08
235 3.6037e-08
236 3.6037e-08
237 3.6037e-08
238 3.6037e-08
239 3.6037e-08
240 3.6037e-08
241 3.6037e-08
242 3.6037e-08
243 3.6037e-08
244 3.6037e-08
245 3.6037e-08
246 3.6037e-08
247 3.6037e-08
248 3.6037e-08
249 3.6037e-08
250 3.6037e-08
251 3.59082e-08
252 3.59082e-08
253 3.59082e-08
254 3.59082e-08
255 3.59082e-08
256 3.59082e-08
257 3.59082e-08
258 3.41859e-08
259 2.93742e-08
260 2.77605e-08
261 2.49811e-08
262 2.49811e-08
263 2.49811e-08
264 2.49811e-08
265 2.49811e-08
266 2.49811e-08
267 5.15129e-09
268 5.15129e-09
269 5.15129e-09
270 4.25576e-09
271 4.25576e-09
272 4.25576e-09
273 4.25576e-09
274 4.25576e-09
275 3.38313e-09
276 3.38313e-09
277 2.60081e-09
278 1.16726e-09
279 2.78835e-10
280 2.78835e-10
281 9.58313e-11
282 9.58313e-11
283 9.58313e-11
284 9.58313e-11
285 9.58313e-11
286 9.58313e-11
287 9.58313e-11
288 7.11329e-11
289 7.11329e-11
290 7.11329e-11
291 7.11329e-11
292 7.11329e-11
293 7.11329e-11
294 7.11329e-11
295 7.11329e-11
296 6.91078e-11
297 6.91078e-11
298 6.91078e-11
299 6.91078e-11
300 6.91078e-11
301 6.91078e-11
302 6.91078e-11
303 6.90688e-11
304 6.90688e-11
305 6.88947e-11
306 6.88947e-11
307 6.88947e-11
308 6.88947e-11
309 6.88947e-11
310 6.88947e-11
311 3.26712e-11
312 3.26712e-11
313 3.26712e-11
314 2.93885e-11
315 2.93885e-11
316 2.93885e-11
317 2.43401e-11
318 6.72218e-12
319 6.72218e-12
320 6.00808e-12
321 6.00808e-12
322 6.00808e-12
323 2.98828e-12
324 2.96696e-12
325 1.49969e-12
326 1.49969e-12
327 1.49969e-12
328 1.49969e-12
329 1.49969e-12
330 1.49969e-12
331 1.49969e-12
332 1.49969e-12
333 1.20481e-12
334 1.20481e-12
335 7.6783e-13
336 1.56763e-13
337 1.56763e-13
338 1.56763e-13
339 1.56763e-13
340 1.56763e-13
341 1.56763e-13
342 1.56763e-13
343 1.39e-13
344 1.39e-13
345 1.39e-13
346 1.21236e-13
347 1.21236e-13
348 1.21236e-13
349 1.21236e-13
350 1.21236e-13
351 1.03473e-13
352 1.03473e-13
353 1.03473e-13
354 8.21565e-14
355 1.46549e-14
356 1.46549e-14
357 1.46549e-14
358 1.46549e-14
359 1.46549e-14
360 1.11022e-14
361 1.11022e-14
362 7.54952e-15
363 7.54952e-15
364 7.54952e-15
365 7.54952e-15
366 7.54952e-15
367 7.54952e-15
368 7.54952e-15
369 7.54952e-15
370 7.54952e-15
371 7.54952e-15
372 7.54952e-15
373 3.9968e-15
374 3.9968e-15
375 3.9968e-15
376 3.9968e-15
377 3.9968e-15
378 3.9968e-15
379 3.9968e-15
380 4.44089e-16
381 4.44089e-16
382 4.44089e-16
383 4.44089e-16
384 4.44089e-16
385 4.44089e-16
386 4.44089e-16
387 4.44089e-16
388 4.44089e-16
389 4.44089e-16
390 4.44089e-16
391 4.44089e-16
392 4.44089e-16
393 4.44089e-16
394 4.44089e-16
395 4.44089e-16
396 4.44089e-16
397 4.44089e-16
398 4.44089e-16
399 4.44089e-16
400 4.44089e-16
401 4.44089e-16
402 4.44089e-16
403 4.44089e-16
404 4.44089e-16
405 4.44089e-16
406 4.44089e-16
407 4.44089e-16
408 4.44089e-16
409 4.44089e-16
410 4.44089e-16
411 4.44089e-16
412 4.44089e-16
413 4.44089e-16
414 4.44089e-16
415 4.44089e-16
416 4.44089e-16
417 4.44089e-16
418 4.44089e-16
419 4.44089e-16
420 4.44089e-16
421 4.44089e-16
422 4.44089e-16
423 4.44089e-16
424 4.44089e-16
425 4.44089e-16
426 4.44089e-16
427 4.44089e-16
428 4.44089e-16
429 4.44089e-16
430 4.44089e-16
431 4.44089e-16
432 4.44089e-16
433 4.44089e-16
434 4.44089e-16
435 4.44089e-16
436 4.44089e-16
437 4.44089e-16
438 4.44089e-16
439 4.44089e-16
440 4.44089e-16
441 4.44089e-16
442 4.44089e-16
443 4.44089e-16
444 4.44089e-16
445 4.44089e-16
446 4.44089e-16
447 4.44089e-16
448 4.44089e-16
449 4.44089e-16
450 4.44089e-16
451 4.44089e-16
452 4.44089e-16
453 4.44089e-16
454 4.44089e-16
455 4.44089e-16
456 4.44089e-16
457 4.44089e-16
458 4.44089e-16
459 4.44089e-16
460 4.44089e-16
461 4.44089e-16
462 4.44089e-16
463 4.44089e-16
464 4.44089e-16
465 4.44089e-16
466 4.44089e-16
467 4.44089e-16
468 4.44089e-16
469 4.44089e-16
470 4.44089e-16
471 4.44089e-16
472 4.44089e-16
473 4.44089e-16
474 4.44089e-16
475 4.44089e-16
476 4.44089e-16
477 4.44089e-16
478 4.44089e-16
479 4.44089e-16
480 4.44089e-16
481 4.44089e-16
482 4.44089e-16
483 4.44089e-16
484 4.44089e-16
485 4.44089e-16
486 4.44089e-16
487 4.44089e-16
488 4.44089e-16
489 4.44089e-16
490 4.44089e-16
491 4.44089e-16
492 4.44089e-16
493 4.44089e-16
494 4.44089e-16
495 4.44089e-16
496 4.44089e-16
497 4.44089e-16
498 4.44089e-16
499 4.44089e-16
500 4.44089e-16
501 4.44089e-16
502 4.44089e-16
503 4.44089e-16
504 4.44089e-16
505 4.44089e-16
506 4.44089e-16
507 4.44089e-16
508 4.44089e-16
509 4.44089e-16
510 4.44089e-16
511 4.44089e-16
512 4.44089e-16
513 4.44089e-16
514 4.44089e-16
515 4.44089e-16
516 4.44089e-16
517 4.44089e-16
518 4.44089e-16
519 4.44089e-16
520 4.44089e-16
521 4.44089e-16
522 4.44089e-16
523 4.44089e-16
524 4.44089e-16
525 4.44089e-16
526 4.44089e-16
527 4.44089e-16
528 4.44089e-16
529 4.44089e-16
530 4.44089e-16
531 4.44089e-16
532 4.44089e-16
533 4.44089e-16
534 4.44089e-16
535 4.44089e-16
536 4.44089e-16
537 4.44089e-16
538 4.44089e-16
539 4.44089e-16
540 4.44089e-16
541 4.44089e-16
542 4.44089e-16
543 4.44089e-16
544 4.44089e-16
545 4.44089e-16
546 4.44089e-16
547 4.44089e-16
548 4.44089e-16
549 4.44089e-16
550 4.44089e-16
551 4.44089e-16
552 4.44089e-16
553 4.44089e-16
554 4.44089e-16
555 4.44089e-16
556 4.44089e-16
557 4.44089e-16
558 4.44089e-16
559 4.44089e-16
560 4.44089e-16
561 4.44089e-16
562 4.44089e-16
563 4.44089e-16
564 4.44089e-16
565 4.44089e-16
566 4.44089e-16
567 4.44089e-16
568 4.44089e-16
569 4.44089e-16
570 4.44089e-16
571 4.44089e-16
572 4.44089e-16
573 4.44089e-16
574 4.44089e-16
575 4.44089e-16
576 4.44089e-16
577 4.44089e-16
578 4.44089e-16
579 4.44089e-16
580 4.44089e-16
581 4.44089e-16
582 4.44089e-16
583 4.44089e-16
584 4.44089e-16
585 4.44089e-16
586 4.44089e-16
587 4.44089e-16
588 4.44089e-16
589 4.44089e-16
590 4.44089e-16
591 4.44089e-16
592 4.44089e-16
593 4.44089e-16
594 4.44089e-16
595 4.44089e-16
596 4.44089e-16
597 4.44089e-16
598 4.44089e-16
599 4.44089e-16
600 4.44089e-16
601 4.44089e-16
602 4.44089e-16
603 4.44089e-16
604 4.44089e-16
605 4.44089e-16
606 4.44089e-16
607 4.44089e-16
608 4.44089e-16
609 4.44089e-16
610 4.44089e-16
611 4.44089e-16
612 4.44089e-16
613 4.44089e-16
614 4.44089e-16
615 4.44089e-16
616 4.44089e-16
617 4.44089e-16
618 4.44089e-16
619 4.44089e-16
620 4.44089e-16
621 4.44089e-16
622 4.44089e-16
623 4.44089e-16
624 4.44089e-16
625 4.44089e-16
626 4.44089e-16
627 4.44089e-16
628 4.44089e-16
629 4.44089e-16
630 4.44089e-16
631 4.44089e-16
632 4.44089e-16
633 4.44089e-16
634 4.44089e-16
635 4.44089e-16
636 4.44089e-16
637 4.44089e-16
638 4.44089e-16
639 4.44089e-16
640 4.44089e-16
641 4.44089e-16
642 4.44089e-16
643 4.44089e-16
644 4.44089e-16
645 4.44089e-16
646 4.44089e-16
647 4.44089e-16
648 4.44089e-16
649 4.44089e-16
650 4.44089e-16
651 4.44089e-16
652 4.44089e-16
653 4.44089e-16
654 4.44089e-16
655 4.44089e-16
656 4.44089e-16
657 4.44089e-16
658 4.44089e-16
659 4.44089e-16
660 4.44089e-16
661 4.44089e-16
662 4.44089e-16
663 4.44089e-16
664 4.44089e-16
665 4.44089e-16
666 4.44089e-16
