0 8.65225
1 8.65225
2 8.65225
3 8.65225
4 5.67091
5 5.67091
6 5.67091
7 4.57821
8 4.57821
9 4.57821
10 4.57821
11 3.69204
12 3.69204
13 3.66912
14 3.66912
15 3.31566
16 3.31566
17 3.2541
18 3.2541
19 3.2541
20 3.2541
21 2.53592
22 2.53592
23 2.40103
24 2.40103
25 2.40103
26 2.40103
27 2.40103
28 2.40103
29 2.40103
30 2.35953
31 0.262918
32 0.262918
33 0.262918
34 0.262918
35 0.262918
36 0.262918
37 0.262918
38 0.0647698
39 0.0647698
40 0.0647698
41 0.0647698
42 0.0647698
43 0.0647698
44 0.0647698
45 0.0647698
46 0.0647698
47 0.0647698
48 0.0647698
49 0.0647698
50 0.0647698
51 0.0647698
52 0.0647698
53 0.0647698
54 0.0647698
55 0.0647698
56 0.0647698
57 0.0647698
58 0.0647698
59 0.0647698
60 0.0647698
61 0.0647698
62 0.0647698
63 0.0647698
64 0.0647698
65 0.0647698
66 0.0647698
67 0.0647698
68 0.0647698
69 0.0647698
70 0.0647698
71 0.0647698
72 0.0647698
73 0.0647698
74 0.0647698
75 0.0647698
76 0.0647698
77 0.0647698
78 0.0647698
79 0.0647698
80 0.0596508
81 0.0596508
82 0.0596508
83 0.0596508
84 0.0596508
85 0.0338752
86 0.0338752
87 0.0338752
88 0.0338752
89 0.0338752
90 0.0338752
91 0.0338752
92 0.0145505
93 0.0145505
94 0.0145505
95 0.0145505
96 0.0145505
97 0.0145505
98 0.0145505
99 0.0145505
100 0.0145505
101 0.0145505
102 0.0145505
103 0.0145505
104 0.0145505
105 0.0145505
106 0.0144029
107 0.0144029
108 0.0144029
109 0.00772356
110 0.00772356
111 0.00772356
112 0.00772356
113 0.00772356
114 0.00772356
115 0.00762116
116 0.00762116
117 0.00755638
118 0.00755638
119 0.00755638
120 0.00755638
121 0.00755638
122 0.00755638
123 0.00752624
124 0.00752624
125 0.00752624
126 0.00752624
127 0.00691653
128 0.00691653
129 0.00619363
130 0.00619363
131 0.00619363
132 0.00619363
133 0.00180285
134 0.00180285
135 0.00180285
136 0.00180285
137 0.00180285
138 0.00180285
139 0.00180285
140 0.00180285
141 0.00180285
142 0.00180285
143 0.00170624
144 0.00170624
145 0.00131738
146 0.000947531
147 0.00078671
148 0.00078671
149 0.00078671
150 0.00078671
151 0.00067533
152 0.00067533
153 0.000415988
154 0.000415988
155 0.000415988
156 0.000331667
157 0.000331667
158 0.000331667
159 0.000331667
160 0.000292998
161 0.000292998
162 0.000254138
163 0.000254138
164 0.000254138
165 0.000254138
166 0.000209802
167 0.000209802
168 0.000209802
169 0.000209802
170 0.000209802
171 0.000209447
172 0.000209447
173 0.000209447
174 0.000209447
175 0.000209447
176 0.000209447
177 0.000209447
178 0.000209447
179 0.000209447
180 0.000209447
181 8.06791e-05
182 8.06791e-05
183 8.06791e-05
184 5.61945e-05
185 5.61945e-05
186 5.27143e-05
187 2.62959e-05
188 2.62959e-05
189 2.62959e-05
190 2.62959e-05
191 2.62959e-05
192 2.62959e-05
193 2.62959e-05
194 2.62959e-05
195 2.62959e-05
196 2.62959e-05
197 1.93692e-05
198 8.43372e-06
199 8.43372e-06
200 8.43372e-06
201 7.77779e-06
202 7.77779e-06
203 7.77779e-06
204 7.77779e-06
205 7.77779e-06
206 7.77779e-06
207 7.77779e-06
208 7.26178e-06
209 7.26178e-06
210 7.26178e-06
211 1.83261e-06
212 1.83261e-06
213 1.69709e-06
214 1.69709e-06
215 1.69709e-06
216 1.69709e-06
217 1.69709e-06
218 8.25257e-07
219 8.25257e-07
220 8.25257e-07
221 8.25257e-07
222 8.25257e-07
223 8.25257e-07
224 8.25257e-07
225 6.95487e-07
226 6.95487e-07
227 3.04073e-07
228 3.04073e-07
229 3.04073e-07
230 2.8761e-07
231 2.8761e-07
232 2.8761e-07
233 2.8761e-07
234 2.39824e-07
235 2.39824e-07
236 2.14185e-07
237 2.14185e-07
238 2.14185e-07
239 2.14185e-07
240 2.14185e-07
241 2.14185e-07
242 2.14185e-07
243 2.14185e-07
244 1.94315e-07
245 1.66544e-07
246 1.47626e-07
247 1.34804e-07
248 1.26118e-07
249 1.20216e-07
250 1.16184e-07
251 1.13412e-07
252 1.08152e-07
253 1.04692e-07
254 1.02392e-07
255 1.00845e-07
256 9.55481e-08
257 7.62043e-08
258 7.62043e-08
259 5.82818e-08
260 5.82818e-08
261 5.49998e-08
262 5.49998e-08
263 4.75714e-08
264 4.75714e-08
265 4.24147e-08
266 4.24147e-08
267 4.24147e-08
268 4.24147e-08
269 4.24147e-08
270 3.95624e-08
271 2.48747e-08
272 1.49474e-08
273 8.70365e-09
274 6.18277e-09
275 6.18277e-09
276 6.18277e-09
277 6.18277e-09
278 6.18277e-09
279 6.18277e-09
280 6.18277e-09
281 6.18277e-09
282 6.18277e-09
283 6.18277e-09
284 6.15879e-09
285 5.68685e-09
286 5.68685e-09
287 5.68685e-09
288 3.1899e-09
289 3.1899e-09
290 3.1899e-09
291 3.1899e-09
292 3.1899e-09
293 3.1899e-09
294 3.1899e-09
295 3.05482e-09
296 3.05482e-09
297 2.52526e-09
298 2.52526e-09
299 1.54461e-09
300 1.54461e-09
301 1.54461e-09
302 1.54461e-09
303 1.54461e-09
304 1.54461e-09
305 1.39103e-09
306 5.74105e-10
307 1.42923e-10
308 1.42923e-10
309 1.42923e-10
310 1.42923e-10
311 1.42923e-10
312 1.42923e-10
313 1.42923e-10
314 1.42923e-10
315 5.40799e-11
316 5.40799e-11
317 5.40799e-11
318 1.23674e-11
319 1.23674e-11
320 1.23674e-11
321 1.23674e-11
322 1.23674e-11
323 1.23674e-11
324 1.23674e-11
325 1.23674e-11
326 1.18026e-11
327 1.18026e-11
328 1.18026e-11
329 7.10942e-12
330 7.10942e-12
331 7.10942e-12
332 7.10942e-12
333 7.10942e-12
334 7.10942e-12
335 7.08456e-12
336 7.08456e-12
337 7.08456e-12
338 7.08456e-12
339 7.08456e-12
340 7.08456e-12
341 7.08456e-12
342 7.08456e-12
343 7.08456e-12
344 6.32427e-12
345 4.60121e-12
346 2.74314e-12
347 2.74314e-12
348 2.74314e-12
349 2.04681e-12
350 1.9047e-12
351 1.9047e-12
352 1.49969e-12
353 1.49969e-12
354 1.30074e-12
355 1.12665e-12
356 1.06626e-12
357 1.03428e-12
358 8.31779e-13
359 5.83089e-13
360 5.83089e-13
361 5.15588e-13
362 5.15588e-13
363 1.63869e-13
364 1.63869e-13
365 1.63869e-13
366 1.63869e-13
367 9.63674e-14
368 9.63674e-14
369 7.86038e-14
370 7.86038e-14
371 7.86038e-14
372 3.24185e-14
373 3.24185e-14
374 3.24185e-14
375 3.24185e-14
376 7.54952e-15
377 7.54952e-15
378 7.54952e-15
379 7.54952e-15
380 3.9968e-15
381 3.9968e-15
382 3.9968e-15
383 3.9968e-15
384 3.9968e-15
385 3.9968e-15
386 3.9968e-15
387 3.9968e-15
388 3.9968e-15
389 3.9968e-15
390 3.9968e-15
391 3.9968e-15
392 3.9968e-15
393 3.9968e-15
394 3.9968e-15
395 3.9968e-15
396 3.9968e-15
397 3.9968e-15
398 3.9968e-15
399 4.44089e-16
400 4.44089e-16
401 4.44089e-16
402 4.44089e-16
403 4.44089e-16
404 4.44089e-16
405 4.44089e-16
406 4.44089e-16
407 4.44089e-16
408 4.44089e-16
409 4.44089e-16
410 4.44089e-16
411 4.44089e-16
412 4.44089e-16
413 4.44089e-16
414 4.44089e-16
415 4.44089e-16
416 4.44089e-16
417 4.44089e-16
418 4.44089e-16
419 4.44089e-16
420 4.44089e-16
421 4.44089e-16
422 4.44089e-16
423 4.44089e-16
424 4.44089e-16
425 4.44089e-16
426 4.44089e-16
427 4.44089e-16
428 4.44089e-16
429 4.44089e-16
430 4.44089e-16
431 4.44089e-16
432 4.44089e-16
433 4.44089e-16
434 4.44089e-16
435 4.44089e-16
436 4.44089e-16
437 4.44089e-16
438 4.44089e-16
439 4.44089e-16
440 4.44089e-16
441 4.44089e-16
442 4.44089e-16
443 4.44089e-16
444 4.44089e-16
445 4.44089e-16
446 4.44089e-16
447 4.44089e-16
448 4.44089e-16
449 4.44089e-16
450 4.44089e-16
451 4.44089e-16
452 4.44089e-16
453 4.44089e-16
454 4.44089e-16
455 4.44089e-16
456 4.44089e-16
457 4.44089e-16
458 4.44089e-16
459 4.44089e-16
460 4.44089e-16
461 4.44089e-16
462 4.44089e-16
463 4.44089e-16
464 4.44089e-16
465 4.44089e-16
466 4.44089e-16
467 4.44089e-16
468 4.44089e-16
469 4.44089e-16
470 4.44089e-16
471 4.44089e-16
472 4.44089e-16
473 4.44089e-16
474 4.44089e-16
475 4.44089e-16
476 4.44089e-16
477 4.44089e-16
478 4.44089e-16
479 4.44089e-16
480 4.44089e-16
481 4.44089e-16
482 4.44089e-16
483 4.44089e-16
484 4.44089e-16
485 4.44089e-16
486 4.44089e-16
487 4.44089e-16
488 4.44089e-16
489 4.44089e-16
490 4.44089e-16
491 4.44089e-16
492 4.44089e-16
493 4.44089e-16
494 4.44089e-16
495 4.44089e-16
496 4.44089e-16
497 4.44089e-16
498 4.44089e-16
499 4.44089e-16
500 4.44089e-16
501 4.44089e-16
502 4.44089e-16
503 4.44089e-16
504 4.44089e-16
505 4.44089e-16
506 4.44089e-16
507 4.44089e-16
508 4.44089e-16
509 4.44089e-16
510 4.44089e-16
511 4.44089e-16
512 4.44089e-16
513 4.44089e-16
514 4.44089e-16
515 4.44089e-16
516 4.44089e-16
517 4.44089e-16
518 4.44089e-16
519 4.44089e-16
520 4.44089e-16
521 4.44089e-16
522 4.44089e-16
523 4.44089e-16
524 4.44089e-16
525 4.44089e-16
526 4.44089e-16
527 4.44089e-16
528 4.44089e-16
529 4.44089e-16
530 4.44089e-16
531 4.44089e-16
532 4.44089e-16
533 4.44089e-16
534 4.44089e-16
535 4.44089e-16
536 4.44089e-16
537 4.44089e-16
538 4.44089e-16
539 4.44089e-16
540 4.44089e-16
541 4.44089e-16
542 4.44089e-16
543 4.44089e-16
544 4.44089e-16
545 4.44089e-16
546 4.44089e-16
547 4.44089e-16
548 4.44089e-16
549 4.44089e-16
550 4.44089e-16
551 4.44089e-16
552 4.44089e-16
553 4.44089e-16
554 4.44089e-16
555 4.44089e-16
556 4.44089e-16
557 4.44089e-16
558 4.44089e-16
559 4.44089e-16
560 4.44089e-16
561 4.44089e-16
562 4.44089e-16
563 4.44089e-16
564 4.44089e-16
565 4.44089e-16
566 4.44089e-16
567 4.44089e-16
568 4.44089e-16
569 4.44089e-16
570 4.44089e-16
571 4.44089e-16
572 4.44089e-16
573 4.44089e-16
574 4.44089e-16
575 4.44089e-16
576 4.44089e-16
577 4.44089e-16
578 4.44089e-16
579 4.44089e-16
580 4.44089e-16
581 4.44089e-16
582 4.44089e-16
583 4.44089e-16
584 4.44089e-16
585 4.44089e-16
586 4.44089e-16
587 4.44089e-16
588 4.44089e-16
589 4.44089e-16
590 4.44089e-16
591 4.44089e-16
592 4.44089e-16
593 4.44089e-16
594 4.44089e-16
595 4.44089e-16
596 4.44089e-16
597 4.44089e-16
598 4.44089e-16
599 4.44089e-16
600 4.44089e-16
601 4.44089e-16
602 4.44089e-16
603 4.44089e-16
604 4.44089e-16
605 4.44089e-16
606 4.44089e-16
607 4.44089e-16
608 4.44089e-16
609 4.44089e-16
610 4.44089e-16
611 4.44089e-16
612 4.44089e-16
613 4.44089e-16
614 4.44089e-16
615 4.44089e-16
616 4.44089e-16
617 4.44089e-16
618 4.44089e-16
619 4.44089e-16
620 4.44089e-16
621 4.44089e-16
622 4.44089e-16
623 4.44089e-16
624 4.44089e-16
625 4.44089e-16
626 4.44089e-16
627 4.44089e-16
628 4.44089e-16
629 4.44089e-16
630 4.44089e-16
631 4.44089e-16
632 4.44089e-16
633 4.44089e-16
634 4.44089e-16
635 4.44089e-16
636 4.44089e-16
637 4.44089e-16
638 4.44089e-16
639 4.44089e-16
640 4.44089e-16
641 4.44089e-16
642 4.44089e-16
643 4.44089e-16
644 4.44089e-16
645 4.44089e-16
646 4.44089e-16
647 4.44089e-16
648 4.44089e-16
649 4.44089e-16
650 4.44089e-16
651 4.44089e-16
652 4.44089e-16
653 4.44089e-16
654 4.44089e-16
655 4.44089e-16
656 4.44089e-16
657 4.44089e-16
658 4.44089e-16
659 4.44089e-16
660 4.44089e-16
661 4.44089e-16
662 4.44089e-16
663 4.44089e-16
664 4.44089e-16
665 4.44089e-16
666 4.44089e-16
