0 6.31267
1 4.65648
2 4.65648
3 4.65648
4 4.65648
5 4.65648
6 4.65648
7 4.65648
8 4.50324
9 4.50324
10 4.26829
11 4.26829
12 4.26829
13 2.89276
14 1.90968
15 1.90968
16 1.90968
17 1.90968
18 1.90968
19 1.90968
20 1.90968
21 1.90968
22 1.90968
23 1.90968
24 1.90968
25 1.90968
26 1.90968
27 1.90968
28 1.90968
29 1.90968
30 1.90968
31 1.90968
32 1.90968
33 1.90968
34 1.90968
35 0.814897
36 0.814897
37 0.814897
38 0.814897
39 0.814897
40 0.814897
41 0.814897
42 0.814897
43 0.814897
44 0.814897
45 0.814897
46 0.814897
47 0.814897
48 0.814897
49 0.814897
50 0.814897
51 0.814897
52 0.814897
53 0.814897
54 0.814897
55 0.814897
56 0.814897
57 0.814897
58 0.814897
59 0.814897
60 0.576179
61 0.576179
62 0.576179
63 0.576179
64 0.576179
65 0.576179
66 0.576179
67 0.576179
68 0.576179
69 0.576179
70 0.576179
71 0.576179
72 0.576179
73 0.576179
74 0.576179
75 0.576179
76 0.576179
77 0.576179
78 0.576179
79 0.576179
80 0.576179
81 0.576179
82 0.576179
83 0.576179
84 0.576179
85 0.576179
86 0.576179
87 0.250367
88 0.250367
89 0.177656
90 0.177656
91 0.177656
92 0.177656
93 0.177656
94 0.171382
95 0.171382
96 0.171382
97 0.0978261
98 0.0129429
99 0.0129429
100 0.0129429
101 0.0129429
102 0.0129429
103 0.0129429
104 0.0129429
105 0.0129429
106 0.0129429
107 0.0129429
108 0.0129429
109 0.0129429
110 0.0129429
111 0.0129429
112 0.0129429
113 0.0129429
114 0.0129429
115 0.0129429
116 0.0129429
117 0.0129429
118 0.0129429
119 0.0129429
120 0.0129429
121 0.0129429
122 0.0129429
123 0.0129429
124 0.0123435
125 0.0123435
126 0.0123435
127 0.0123435
128 0.0123435
129 0.0123435
130 0.0106209
131 0.0106209
132 0.0106209
133 0.0106209
134 0.0106209
135 0.0106209
136 0.0106209
137 0.0106209
138 0.0106209
139 0.0106209
140 0.00443735
141 0.00443735
142 0.00443735
143 0.00406843
144 0.00406843
145 0.00406843
146 0.00406843
147 0.00406843
148 0.00406843
149 0.00406843
150 0.00406843
151 0.00406843
152 0.00406843
153 0.000714389
154 0.000714389
155 0.000714389
156 0.000714389
157 0.000714389
158 0.000714389
159 0.000714389
160 0.000714389
161 0.000714389
162 0.000287234
163 0.000287234
164 0.000287234
165 0.000287234
166 0.000287234
167 0.000287234
168 0.000287234
169 0.000287234
170 0.000287234
171 0.000287234
172 0.000287234
173 0.000287234
174 0.000287234
175 0.000287234
176 0.000287234
177 0.000287234
178 0.000287234
179 0.000287234
180 0.000287234
181 0.000287234
182 0.000287234
183 0.000287234
184 0.000287234
185 0.000287234
186 0.000287234
187 0.000287234
188 0.000274816
189 0.000274816
190 0.000218789
191 0.000218789
192 0.000218789
193 0.00011922
194 6.51182e-05
195 6.51182e-05
196 6.51182e-05
197 6.51182e-05
198 4.15087e-05
199 4.15087e-05
200 4.15087e-05
201 4.15087e-05
202 4.15087e-05
203 4.15087e-05
204 4.15087e-05
205 4.15087e-05
206 3.37806e-05
207 3.37806e-05
208 3.37806e-05
209 3.37806e-05
210 1.2301e-05
211 1.2301e-05
212 1.2301e-05
213 1.2301e-05
214 1.2301e-05
215 1.2301e-05
216 4.94455e-06
217 4.94455e-06
218 4.94455e-06
219 4.94455e-06
220 4.94455e-06
221 4.94455e-06
222 4.94455e-06
223 4.94455e-06
224 4.94455e-06
225 4.94455e-06
226 4.94455e-06
227 4.94455e-06
228 2.81651e-06
229 2.81651e-06
230 2.81651e-06
231 2.81651e-06
232 2.81651e-06
233 2.81651e-06
234 2.81651e-06
235 2.81651e-06
236 2.81651e-06
237 2.81651e-06
238 1.76078e-06
239 1.76078e-06
240 1.76078e-06
241 1.76078e-06
242 1.76078e-06
243 1.76078e-06
244 1.76078e-06
245 1.76078e-06
246 1.76078e-06
247 1.5693e-06
248 1.5693e-06
249 1.5693e-06
250 1.5693e-06
251 1.5693e-06
252 1.5693e-06
253 1.5693e-06
254 1.5693e-06
255 1.45813e-06
256 1.45813e-06
257 1.37567e-06
258 1.37567e-06
259 9.88495e-07
260 9.88495e-07
261 2.43238e-07
262 2.43238e-07
263 2.43238e-07
264 2.43238e-07
265 2.43238e-07
266 2.08031e-07
267 2.08031e-07
268 2.08031e-07
269 2.08031e-07
270 1.72342e-07
271 1.72342e-07
272 1.72342e-07
273 1.47952e-07
274 1.47952e-07
275 4.68752e-08
276 4.68752e-08
277 4.68752e-08
278 4.68752e-08
279 4.68752e-08
280 4.68752e-08
281 4.68752e-08
282 2.44226e-08
283 2.44226e-08
284 2.44226e-08
285 2.44226e-08
286 2.44226e-08
287 2.44226e-08
288 1.16052e-08
289 1.16052e-08
290 1.16052e-08
291 1.16052e-08
292 1.16052e-08
293 8.74606e-09
294 3.56668e-09
295 3.56668e-09
296 3.56668e-09
297 3.1336e-09
298 3.1336e-09
299 2.57433e-09
300 2.14358e-09
301 2.14358e-09
302 2.14358e-09
303 8.11373e-10
304 8.11373e-10
305 8.11373e-10
306 8.11373e-10
307 8.11373e-10
308 8.11373e-10
309 7.17276e-10
310 1.01171e-10
311 1.01171e-10
312 1.01171e-10
313 1.01171e-10
314 1.01171e-10
315 1.01171e-10
316 1.01171e-10
317 1.01171e-10
318 1.01171e-10
319 1.01171e-10
320 1.01171e-10
321 1.01171e-10
322 1.01171e-10
323 5.29043e-12
324 5.29043e-12
325 5.29043e-12
326 5.29043e-12
327 5.29043e-12
328 5.29043e-12
329 5.29043e-12
330 5.29043e-12
331 5.29043e-12
332 5.29043e-12
333 5.29043e-12
334 5.29043e-12
335 5.29043e-12
336 5.29043e-12
337 5.29043e-12
338 5.29043e-12
339 5.29043e-12
340 5.29043e-12
341 5.29043e-12
342 5.29043e-12
343 5.29043e-12
344 1.46416e-12
345 1.46416e-12
346 1.46416e-12
347 1.46416e-12
348 1.46416e-12
349 1.46416e-12
350 1.46416e-12
351 1.46416e-12
352 1.14087e-12
353 1.06981e-12
354 1.06981e-12
355 1.06981e-12
356 7.50067e-13
357 7.50067e-13
358 7.50067e-13
359 7.50067e-13
360 5.61773e-13
361 3.59268e-13
362 3.59268e-13
363 3.59268e-13
364 3.59268e-13
365 2.7045e-13
366 7.14984e-14
367 7.14984e-14
368 7.14984e-14
369 7.14984e-14
370 7.14984e-14
371 7.14984e-14
372 7.14984e-14
373 7.14984e-14
374 7.54952e-15
375 7.54952e-15
376 7.54952e-15
377 7.54952e-15
378 7.54952e-15
379 7.54952e-15
380 7.54952e-15
381 7.54952e-15
382 7.54952e-15
383 7.54952e-15
384 7.54952e-15
385 7.54952e-15
386 3.9968e-15
387 3.9968e-15
388 3.9968e-15
389 3.9968e-15
390 3.9968e-15
391 3.9968e-15
392 4.44089e-16
393 4.44089e-16
394 4.44089e-16
395 4.44089e-16
396 4.44089e-16
397 4.44089e-16
398 4.44089e-16
399 4.44089e-16
400 4.44089e-16
401 4.44089e-16
402 4.44089e-16
403 4.44089e-16
404 4.44089e-16
405 4.44089e-16
406 4.44089e-16
407 4.44089e-16
408 4.44089e-16
409 4.44089e-16
410 4.44089e-16
411 4.44089e-16
412 4.44089e-16
413 4.44089e-16
414 4.44089e-16
415 4.44089e-16
416 4.44089e-16
417 4.44089e-16
418 4.44089e-16
419 4.44089e-16
420 4.44089e-16
421 4.44089e-16
422 4.44089e-16
423 4.44089e-16
424 4.44089e-16
425 4.44089e-16
426 4.44089e-16
427 4.44089e-16
428 4.44089e-16
429 4.44089e-16
430 4.44089e-16
431 4.44089e-16
432 4.44089e-16
433 4.44089e-16
434 4.44089e-16
435 4.44089e-16
436 4.44089e-16
437 4.44089e-16
438 4.44089e-16
439 4.44089e-16
440 4.44089e-16
441 4.44089e-16
442 4.44089e-16
443 4.44089e-16
444 4.44089e-16
445 4.44089e-16
446 4.44089e-16
447 4.44089e-16
448 4.44089e-16
449 4.44089e-16
450 4.44089e-16
451 4.44089e-16
452 4.44089e-16
453 4.44089e-16
454 4.44089e-16
455 4.44089e-16
456 4.44089e-16
457 4.44089e-16
458 4.44089e-16
459 4.44089e-16
460 4.44089e-16
461 4.44089e-16
462 4.44089e-16
463 4.44089e-16
464 4.44089e-16
465 4.44089e-16
466 4.44089e-16
467 4.44089e-16
468 4.44089e-16
469 4.44089e-16
470 4.44089e-16
471 4.44089e-16
472 4.44089e-16
473 4.44089e-16
474 4.44089e-16
475 4.44089e-16
476 4.44089e-16
477 4.44089e-16
478 4.44089e-16
479 4.44089e-16
480 4.44089e-16
481 4.44089e-16
482 4.44089e-16
483 4.44089e-16
484 4.44089e-16
485 4.44089e-16
486 4.44089e-16
487 4.44089e-16
488 4.44089e-16
489 4.44089e-16
490 4.44089e-16
491 4.44089e-16
492 4.44089e-16
493 4.44089e-16
494 4.44089e-16
495 4.44089e-16
496 4.44089e-16
497 4.44089e-16
498 4.44089e-16
499 4.44089e-16
500 4.44089e-16
501 4.44089e-16
502 4.44089e-16
503 4.44089e-16
504 4.44089e-16
505 4.44089e-16
506 4.44089e-16
507 4.44089e-16
508 4.44089e-16
509 4.44089e-16
510 4.44089e-16
511 4.44089e-16
512 4.44089e-16
513 4.44089e-16
514 4.44089e-16
515 4.44089e-16
516 4.44089e-16
517 4.44089e-16
518 4.44089e-16
519 4.44089e-16
520 4.44089e-16
521 4.44089e-16
522 4.44089e-16
523 4.44089e-16
524 4.44089e-16
525 4.44089e-16
526 4.44089e-16
527 4.44089e-16
528 4.44089e-16
529 4.44089e-16
530 4.44089e-16
531 4.44089e-16
532 4.44089e-16
533 4.44089e-16
534 4.44089e-16
535 4.44089e-16
536 4.44089e-16
537 4.44089e-16
538 4.44089e-16
539 4.44089e-16
540 4.44089e-16
541 4.44089e-16
542 4.44089e-16
543 4.44089e-16
544 4.44089e-16
545 4.44089e-16
546 4.44089e-16
547 4.44089e-16
548 4.44089e-16
549 4.44089e-16
550 4.44089e-16
551 4.44089e-16
552 4.44089e-16
553 4.44089e-16
554 4.44089e-16
555 4.44089e-16
556 4.44089e-16
557 4.44089e-16
558 4.44089e-16
559 4.44089e-16
560 4.44089e-16
561 4.44089e-16
562 4.44089e-16
563 4.44089e-16
564 4.44089e-16
565 4.44089e-16
566 4.44089e-16
567 4.44089e-16
568 4.44089e-16
569 4.44089e-16
570 4.44089e-16
571 4.44089e-16
572 4.44089e-16
573 4.44089e-16
574 4.44089e-16
575 4.44089e-16
576 4.44089e-16
577 4.44089e-16
578 4.44089e-16
579 4.44089e-16
580 4.44089e-16
581 4.44089e-16
582 4.44089e-16
583 4.44089e-16
584 4.44089e-16
585 4.44089e-16
586 4.44089e-16
587 4.44089e-16
588 4.44089e-16
589 4.44089e-16
590 4.44089e-16
591 4.44089e-16
592 4.44089e-16
593 4.44089e-16
594 4.44089e-16
595 4.44089e-16
596 4.44089e-16
597 4.44089e-16
598 4.44089e-16
599 4.44089e-16
600 4.44089e-16
601 4.44089e-16
602 4.44089e-16
603 4.44089e-16
604 4.44089e-16
605 4.44089e-16
606 4.44089e-16
607 4.44089e-16
608 4.44089e-16
609 4.44089e-16
610 4.44089e-16
611 4.44089e-16
612 4.44089e-16
613 4.44089e-16
614 4.44089e-16
615 4.44089e-16
616 4.44089e-16
617 4.44089e-16
618 4.44089e-16
619 4.44089e-16
620 4.44089e-16
621 4.44089e-16
622 4.44089e-16
623 4.44089e-16
624 4.44089e-16
625 4.44089e-16
626 4.44089e-16
627 4.44089e-16
628 4.44089e-16
629 4.44089e-16
630 4.44089e-16
631 4.44089e-16
632 4.44089e-16
633 4.44089e-16
634 4.44089e-16
635 4.44089e-16
636 4.44089e-16
637 4.44089e-16
638 4.44089e-16
639 4.44089e-16
640 4.44089e-16
641 4.44089e-16
642 4.44089e-16
643 4.44089e-16
644 4.44089e-16
645 4.44089e-16
646 4.44089e-16
647 4.44089e-16
648 4.44089e-16
649 4.44089e-16
650 4.44089e-16
651 4.44089e-16
652 4.44089e-16
653 4.44089e-16
654 4.44089e-16
655 4.44089e-16
656 4.44089e-16
657 4.44089e-16
658 4.44089e-16
659 4.44089e-16
660 4.44089e-16
661 4.44089e-16
662 4.44089e-16
663 4.44089e-16
664 4.44089e-16
665 4.44089e-16
666 4.44089e-16
