0 9.40739
1 5.38784
2 5.38784
3 5.38784
4 5.38784
5 4.15546
6 4.15546
7 4.15546
8 3.58167
9 3.58167
10 2.80299
11 2.80299
12 2.80299
13 1.5201
14 1.5201
15 1.5201
16 1.5201
17 1.5201
18 1.30127
19 1.30127
20 1.30127
21 1.30127
22 1.30127
23 1.30127
24 1.30127
25 1.30127
26 1.30127
27 1.30127
28 1.30127
29 1.30127
30 1.30127
31 1.30127
32 1.30127
33 1.30127
34 1.30127
35 1.30127
36 1.30127
37 1.30127
38 1.30127
39 0.7137
40 0.7137
41 0.7137
42 0.7137
43 0.7137
44 0.7137
45 0.7137
46 0.7137
47 0.7137
48 0.7137
49 0.7137
50 0.7137
51 0.7137
52 0.7137
53 0.679866
54 0.679866
55 0.320772
56 0.320772
57 0.320772
58 0.320772
59 0.320772
60 0.320772
61 0.320772
62 0.320772
63 0.320772
64 0.320772
65 0.320772
66 0.320772
67 0.320772
68 0.0954733
69 0.0954733
70 0.0954733
71 0.0954733
72 0.0954733
73 0.0812579
74 0.0812579
75 0.0812579
76 0.0812579
77 0.0812579
78 0.0812579
79 0.0812579
80 0.0812579
81 0.0812579
82 0.0812579
83 0.0812579
84 0.0812579
85 0.0812579
86 0.0812579
87 0.0812579
88 0.0812579
89 0.0812579
90 0.0812579
91 0.0812579
92 0.0812579
93 0.0812579
94 0.0812579
95 0.0812579
96 0.0812579
97 0.0812579
98 0.0812579
99 0.0591035
100 0.0591035
101 0.0477254
102 0.0315958
103 0.0315958
104 0.0315958
105 0.0315958
106 0.0315958
107 0.0315958
108 0.0290517
109 0.0290517
110 0.012497
111 0.012497
112 0.012497
113 0.012497
114 0.012497
115 0.012497
116 0.012497
117 0.012497
118 0.012497
119 0.012497
120 0.012497
121 0.012497
122 0.012497
123 0.012497
124 0.0118647
125 0.0118647
126 0.00353352
127 0.00345729
128 0.00345729
129 0.00345729
130 0.00345729
131 0.00345729
132 0.00248598
133 0.00248598
134 0.00248598
135 0.00248598
136 0.00248598
137 0.00248598
138 0.00248598
139 0.00248598
140 0.0013444
141 0.0013444
142 0.0013444
143 0.0013444
144 0.0013444
145 0.0013444
146 0.0013444
147 0.0013444
148 0.0013444
149 0.0013444
150 0.0013444
151 0.0013444
152 0.0013444
153 0.0013444
154 0.0013444
155 0.0013444
156 0.0013444
157 0.0013444
158 0.0013444
159 0.0013444
160 0.0013444
161 0.0013444
162 0.000927106
163 0.000927106
164 0.000927106
165 0.000927106
166 0.000927106
167 0.000927106
168 0.000927106
169 0.000927106
170 0.000927106
171 0.000759222
172 0.000759222
173 0.000759222
174 0.000759222
175 0.000129325
176 0.000129325
177 0.000129325
178 0.000129325
179 0.000129325
180 0.000129325
181 0.000129325
182 0.000129325
183 0.000129325
184 0.000129325
185 0.000129325
186 0.000129325
187 0.000129325
188 0.000129325
189 0.000129325
190 0.000129325
191 0.000129325
192 0.000129325
193 5.9892e-05
194 5.9892e-05
195 5.9892e-05
196 5.9892e-05
197 5.9892e-05
198 5.9892e-05
199 5.9892e-05
200 5.9892e-05
201 5.9892e-05
202 5.9892e-05
203 5.9892e-05
204 5.9892e-05
205 5.9892e-05
206 5.9892e-05
207 5.9892e-05
208 5.9892e-05
209 5.9892e-05
210 5.9892e-05
211 5.9892e-05
212 5.9892e-05
213 5.9892e-05
214 5.9892e-05
215 4.78108e-05
216 4.78108e-05
217 4.78108e-05
218 4.78108e-05
219 4.78108e-05
220 4.78108e-05
221 4.67593e-05
222 4.67593e-05
223 3.53886e-05
224 3.53886e-05
225 1.94244e-05
226 1.94244e-05
227 5.05178e-06
228 4.18871e-06
229 4.18871e-06
230 4.18871e-06
231 4.18871e-06
232 4.18871e-06
233 4.18871e-06
234 4.18871e-06
235 4.18871e-06
236 4.18871e-06
237 4.18871e-06
238 4.18871e-06
239 4.18871e-06
240 3.67874e-06
241 3.67874e-06
242 1.19455e-06
243 1.19455e-06
244 1.19455e-06
245 1.19455e-06
246 1.19455e-06
247 1.19455e-06
248 1.19455e-06
249 1.19455e-06
250 1.19455e-06
251 1.19455e-06
252 1.19455e-06
253 1.58263e-07
254 1.58263e-07
255 1.58263e-07
256 1.58263e-07
257 1.58263e-07
258 1.58263e-07
259 1.58263e-07
260 1.58263e-07
261 1.58263e-07
262 1.58263e-07
263 1.58263e-07
264 1.58263e-07
265 8.7239e-08
266 8.7239e-08
267 8.7239e-08
268 8.7239e-08
269 8.7239e-08
270 8.7239e-08
271 8.7239e-08
272 8.7239e-08
273 8.7239e-08
274 7.57948e-08
275 7.57948e-08
276 7.57948e-08
277 6.88703e-08
278 6.88703e-08
279 6.88703e-08
280 5.04849e-08
281 5.04849e-08
282 5.04849e-08
283 1.30661e-08
284 1.30661e-08
285 1.30661e-08
286 1.30661e-08
287 1.30661e-08
288 1.30661e-08
289 1.30661e-08
290 1.20214e-08
291 8.93219e-09
292 1.84944e-09
293 1.84944e-09
294 4.40619e-10
295 4.40619e-10
296 4.40619e-10
297 4.40619e-10
298 3.89961e-10
299 3.89961e-10
300 3.89961e-10
301 3.89961e-10
302 3.89961e-10
303 3.89961e-10
304 3.89961e-10
305 3.89961e-10
306 3.89961e-10
307 3.89961e-10
308 1.51318e-10
309 1.51318e-10
310 1.51318e-10
311 1.51318e-10
312 1.51318e-10
313 1.34975e-10
314 1.34975e-10
315 9.94516e-11
316 9.94516e-11
317 8.46865e-11
318 6.14411e-11
319 6.14411e-11
320 6.14411e-11
321 6.14411e-11
322 6.14411e-11
323 5.9146e-11
324 5.17137e-11
325 4.83458e-11
326 4.69496e-11
327 4.64166e-11
328 6.14309e-12
329 6.14309e-12
330 6.14309e-12
331 6.14309e-12
332 6.14309e-12
333 6.14309e-12
334 6.14309e-12
335 6.14309e-12
336 6.14309e-12
337 6.14309e-12
338 4.80016e-12
339 4.80016e-12
340 4.80016e-12
341 3.31513e-12
342 3.31513e-12
343 2.8284e-12
344 2.8284e-12
345 2.8284e-12
346 7.35856e-13
347 7.35856e-13
348 7.35856e-13
349 7.35856e-13
350 4.83613e-13
351 4.83613e-13
352 4.2677e-13
353 4.2677e-13
354 4.2677e-13
355 4.2677e-13
356 2.20712e-13
357 2.20712e-13
358 2.20712e-13
359 2.20712e-13
360 2.20712e-13
361 2.20712e-13
362 1.85185e-13
363 1.85185e-13
364 1.85185e-13
365 1.85185e-13
366 1.85185e-13
367 1.85185e-13
368 1.85185e-13
369 1.85185e-13
370 1.85185e-13
371 1.85185e-13
372 1.49658e-13
373 1.49658e-13
374 8.57092e-14
375 2.88658e-14
376 2.88658e-14
377 2.88658e-14
378 2.88658e-14
379 2.88658e-14
380 1.11022e-14
381 1.11022e-14
382 7.54952e-15
383 7.54952e-15
384 7.54952e-15
385 7.54952e-15
386 7.54952e-15
387 7.54952e-15
388 7.54952e-15
389 7.54952e-15
390 7.54952e-15
391 7.54952e-15
392 7.54952e-15
393 7.54952e-15
394 7.54952e-15
395 3.9968e-15
396 3.9968e-15
397 3.9968e-15
398 3.9968e-15
399 3.9968e-15
400 3.9968e-15
401 4.44089e-16
402 4.44089e-16
403 4.44089e-16
404 4.44089e-16
405 4.44089e-16
406 4.44089e-16
407 4.44089e-16
408 4.44089e-16
409 4.44089e-16
410 4.44089e-16
411 4.44089e-16
412 4.44089e-16
413 4.44089e-16
414 4.44089e-16
415 4.44089e-16
416 4.44089e-16
417 4.44089e-16
418 4.44089e-16
419 4.44089e-16
420 4.44089e-16
421 4.44089e-16
422 4.44089e-16
423 4.44089e-16
424 4.44089e-16
425 4.44089e-16
426 4.44089e-16
427 4.44089e-16
428 4.44089e-16
429 4.44089e-16
430 4.44089e-16
431 4.44089e-16
432 4.44089e-16
433 4.44089e-16
434 4.44089e-16
435 4.44089e-16
436 4.44089e-16
437 4.44089e-16
438 4.44089e-16
439 4.44089e-16
440 4.44089e-16
441 4.44089e-16
442 4.44089e-16
443 4.44089e-16
444 4.44089e-16
445 4.44089e-16
446 4.44089e-16
447 4.44089e-16
448 4.44089e-16
449 4.44089e-16
450 4.44089e-16
451 4.44089e-16
452 4.44089e-16
453 4.44089e-16
454 4.44089e-16
455 4.44089e-16
456 4.44089e-16
457 4.44089e-16
458 4.44089e-16
459 4.44089e-16
460 4.44089e-16
461 4.44089e-16
462 4.44089e-16
463 4.44089e-16
464 4.44089e-16
465 4.44089e-16
466 4.44089e-16
467 4.44089e-16
468 4.44089e-16
469 4.44089e-16
470 4.44089e-16
471 4.44089e-16
472 4.44089e-16
473 4.44089e-16
474 4.44089e-16
475 4.44089e-16
476 4.44089e-16
477 4.44089e-16
478 4.44089e-16
479 4.44089e-16
480 4.44089e-16
481 4.44089e-16
482 4.44089e-16
483 4.44089e-16
484 4.44089e-16
485 4.44089e-16
486 4.44089e-16
487 4.44089e-16
488 4.44089e-16
489 4.44089e-16
490 4.44089e-16
491 4.44089e-16
492 4.44089e-16
493 4.44089e-16
494 4.44089e-16
495 4.44089e-16
496 4.44089e-16
497 4.44089e-16
498 4.44089e-16
499 4.44089e-16
500 4.44089e-16
501 4.44089e-16
502 4.44089e-16
503 4.44089e-16
504 4.44089e-16
505 4.44089e-16
506 4.44089e-16
507 4.44089e-16
508 4.44089e-16
509 4.44089e-16
510 4.44089e-16
511 4.44089e-16
512 4.44089e-16
513 4.44089e-16
514 4.44089e-16
515 4.44089e-16
516 4.44089e-16
517 4.44089e-16
518 4.44089e-16
519 4.44089e-16
520 4.44089e-16
521 4.44089e-16
522 4.44089e-16
523 4.44089e-16
524 4.44089e-16
525 4.44089e-16
526 4.44089e-16
527 4.44089e-16
528 4.44089e-16
529 4.44089e-16
530 4.44089e-16
531 4.44089e-16
532 4.44089e-16
533 4.44089e-16
534 4.44089e-16
535 4.44089e-16
536 4.44089e-16
537 4.44089e-16
538 4.44089e-16
539 4.44089e-16
540 4.44089e-16
541 4.44089e-16
542 4.44089e-16
543 4.44089e-16
544 4.44089e-16
545 4.44089e-16
546 4.44089e-16
547 4.44089e-16
548 4.44089e-16
549 4.44089e-16
550 4.44089e-16
551 4.44089e-16
552 4.44089e-16
553 4.44089e-16
554 4.44089e-16
555 4.44089e-16
556 4.44089e-16
557 4.44089e-16
558 4.44089e-16
559 4.44089e-16
560 4.44089e-16
561 4.44089e-16
562 4.44089e-16
563 4.44089e-16
564 4.44089e-16
565 4.44089e-16
566 4.44089e-16
567 4.44089e-16
568 4.44089e-16
569 4.44089e-16
570 4.44089e-16
571 4.44089e-16
572 4.44089e-16
573 4.44089e-16
574 4.44089e-16
575 4.44089e-16
576 4.44089e-16
577 4.44089e-16
578 4.44089e-16
579 4.44089e-16
580 4.44089e-16
581 4.44089e-16
582 4.44089e-16
583 4.44089e-16
584 4.44089e-16
585 4.44089e-16
586 4.44089e-16
587 4.44089e-16
588 4.44089e-16
589 4.44089e-16
590 4.44089e-16
591 4.44089e-16
592 4.44089e-16
593 4.44089e-16
594 4.44089e-16
595 4.44089e-16
596 4.44089e-16
597 4.44089e-16
598 4.44089e-16
599 4.44089e-16
600 4.44089e-16
601 4.44089e-16
602 4.44089e-16
603 4.44089e-16
604 4.44089e-16
605 4.44089e-16
606 4.44089e-16
607 4.44089e-16
608 4.44089e-16
609 4.44089e-16
610 4.44089e-16
611 4.44089e-16
612 4.44089e-16
613 4.44089e-16
614 4.44089e-16
615 4.44089e-16
616 4.44089e-16
617 4.44089e-16
618 4.44089e-16
619 4.44089e-16
620 4.44089e-16
621 4.44089e-16
622 4.44089e-16
623 4.44089e-16
624 4.44089e-16
625 4.44089e-16
626 4.44089e-16
627 4.44089e-16
628 4.44089e-16
629 4.44089e-16
630 4.44089e-16
631 4.44089e-16
632 4.44089e-16
633 4.44089e-16
634 4.44089e-16
635 4.44089e-16
636 4.44089e-16
637 4.44089e-16
638 4.44089e-16
639 4.44089e-16
640 4.44089e-16
641 4.44089e-16
642 4.44089e-16
643 4.44089e-16
644 4.44089e-16
645 4.44089e-16
646 4.44089e-16
647 4.44089e-16
648 4.44089e-16
649 4.44089e-16
650 4.44089e-16
651 4.44089e-16
652 4.44089e-16
653 4.44089e-16
654 4.44089e-16
655 4.44089e-16
656 4.44089e-16
657 4.44089e-16
658 4.44089e-16
659 4.44089e-16
660 4.44089e-16
661 4.44089e-16
662 4.44089e-16
663 4.44089e-16
664 4.44089e-16
665 4.44089e-16
666 4.44089e-16
