0 8.50193
1 8.50193
2 4.64578
3 4.64578
4 4.64578
5 4.64578
6 4.64578
7 4.64578
8 4.59827
9 4.59827
10 4.59827
11 4.59827
12 4.59827
13 4.09197
14 4.09197
15 4.09197
16 4.09197
17 3.54649
18 3.54649
19 3.54649
20 3.3702
21 3.3702
22 3.3702
23 3.3702
24 3.3702
25 3.3702
26 3.3702
27 3.3702
28 3.3702
29 3.3702
30 3.3702
31 3.3702
32 3.29921
33 3.29921
34 3.29921
35 3.29921
36 3.29921
37 3.29921
38 0.43649
39 0.43649
40 0.43649
41 0.43649
42 0.43649
43 0.43649
44 0.43649
45 0.43649
46 0.43649
47 0.43649
48 0.43649
49 0.43649
50 0.43649
51 0.43649
52 0.43649
53 0.43649
54 0.43649
55 0.43649
56 0.43649
57 0.43649
58 0.43649
59 0.43649
60 0.43649
61 0.43649
62 0.43649
63 0.43649
64 0.43649
65 0.43649
66 0.43649
67 0.43649
68 0.43649
69 0.43649
70 0.43649
71 0.43649
72 0.43649
73 0.43649
74 0.239863
75 0.239863
76 0.0725254
77 0.0725254
78 0.0725254
79 0.0725254
80 0.0725254
81 0.0725254
82 0.0725254
83 0.0725254
84 0.0725254
85 0.0725254
86 0.0725254
87 0.0725254
88 0.056493
89 0.056493
90 0.056493
91 0.056493
92 0.056493
93 0.056493
94 0.056493
95 0.056493
96 0.056493
97 0.056493
98 0.056493
99 0.056493
100 0.056493
101 0.056493
102 0.00777821
103 0.00777821
104 0.00777821
105 0.00777821
106 0.00777821
107 0.00777821
108 0.00777821
109 0.00777821
110 0.00777821
111 0.00777821
112 0.00777821
113 0.00777821
114 0.00777821
115 0.00777821
116 0.00777821
117 0.00777821
118 0.00777821
119 0.00777821
120 0.00777821
121 0.00777821
122 0.00777821
123 0.00777821
124 0.00777821
125 0.00777821
126 0.00777821
127 0.00777821
128 0.00745601
129 0.00745601
130 0.00745601
131 0.00745601
132 0.00745601
133 0.00745601
134 0.00745601
135 0.00745601
136 0.00745601
137 0.00745601
138 0.00745601
139 0.00745601
140 0.00745601
141 0.00745601
142 0.00745601
143 0.00745601
144 0.00560363
145 0.00560363
146 0.00560363
147 0.00560363
148 0.00560363
149 0.00560363
150 0.00560363
151 0.00560363
152 0.00560363
153 0.00560363
154 0.00133813
155 0.00133813
156 0.00133813
157 0.00133813
158 0.00133813
159 0.00133813
160 0.00133813
161 0.00133813
162 0.00133813
163 0.00133813
164 0.00133813
165 0.00114746
166 0.00114746
167 0.00114746
168 0.00103093
169 0.000388988
170 0.000388988
171 0.000230649
172 0.000230649
173 0.000207214
174 0.000207214
175 0.000170981
176 0.000130422
177 0.000117642
178 0.000117642
179 0.000117459
180 0.000117459
181 0.000117459
182 0.000117459
183 0.000117459
184 0.000114258
185 0.000112376
186 0.000112376
187 0.000112376
188 0.000112376
189 0.000111943
190 0.0001072
191 0.000103908
192 0.000101605
193 9.99804e-05
194 9.88228e-05
195 9.79906e-05
196 4.09789e-05
197 1.6637e-05
198 1.6637e-05
199 1.5495e-05
200 1.5495e-05
201 1.33722e-05
202 1.33722e-05
203 1.33722e-05
204 1.16114e-05
205 7.20307e-06
206 7.20307e-06
207 7.20307e-06
208 7.20307e-06
209 6.22014e-06
210 6.22014e-06
211 6.22014e-06
212 6.22014e-06
213 4.19822e-06
214 4.19822e-06
215 4.19822e-06
216 3.67614e-06
217 3.67614e-06
218 3.67614e-06
219 3.67614e-06
220 3.67614e-06
221 3.54993e-06
222 3.54993e-06
223 1.24684e-06
224 1.24684e-06
225 6.79462e-07
226 1.19554e-07
227 1.19554e-07
228 1.19554e-07
229 1.19554e-07
230 1.19554e-07
231 1.19554e-07
232 1.19554e-07
233 1.19554e-07
234 1.19554e-07
235 1.19554e-07
236 1.19554e-07
237 1.19554e-07
238 1.19554e-07
239 1.19554e-07
240 1.19554e-07
241 1.19554e-07
242 7.10734e-08
243 7.10734e-08
244 7.10734e-08
245 7.10734e-08
246 7.10734e-08
247 7.10734e-08
248 7.10734e-08
249 7.10734e-08
250 7.10734e-08
251 7.10734e-08
252 7.10734e-08
253 7.10734e-08
254 4.36055e-08
255 4.36055e-08
256 4.22465e-08
257 4.22465e-08
258 3.35227e-08
259 3.35227e-08
260 1.33121e-08
261 1.33121e-08
262 1.33121e-08
263 1.33121e-08
264 1.33121e-08
265 1.33121e-08
266 9.98323e-09
267 9.98323e-09
268 8.75466e-09
269 8.75466e-09
270 8.75466e-09
271 8.75466e-09
272 8.75466e-09
273 8.75466e-09
274 8.75466e-09
275 8.75466e-09
276 8.75466e-09
277 8.75466e-09
278 8.75466e-09
279 8.75466e-09
280 8.75466e-09
281 8.65079e-09
282 7.94407e-09
283 7.94407e-09
284 7.76656e-09
285 7.64452e-09
286 7.04357e-09
287 6.2924e-09
288 5.31943e-09
289 4.42456e-09
290 3.79222e-09
291 3.352e-09
292 3.352e-09
293 3.352e-09
294 3.352e-09
295 3.2902e-09
296 3.23688e-09
297 3.20955e-09
298 3.17543e-09
299 3.15668e-09
300 3.15668e-09
301 3.13332e-09
302 3.13332e-09
303 3.12898e-09
304 3.10536e-09
305 3.09368e-09
306 3.08852e-09
307 3.08558e-09
308 3.06375e-09
309 3.04685e-09
310 3.0324e-09
311 2.97593e-09
312 2.87977e-09
313 2.73748e-09
314 2.64302e-09
315 5.05424e-10
316 5.05424e-10
317 2.75457e-10
318 1.94206e-10
319 1.94206e-10
320 1.94206e-10
321 1.94206e-10
322 1.94206e-10
323 7.34848e-11
324 7.34848e-11
325 7.34848e-11
326 7.16196e-11
327 7.16196e-11
328 7.16196e-11
329 7.16196e-11
330 7.16196e-11
331 7.16196e-11
332 4.67009e-11
333 4.67009e-11
334 4.67009e-11
335 3.15024e-11
336 3.15024e-11
337 3.15024e-11
338 2.91824e-11
339 2.91824e-11
340 2.66742e-11
341 1.1835e-12
342 1.1835e-12
343 1.1835e-12
344 1.1835e-12
345 1.1835e-12
346 1.1835e-12
347 5.47562e-13
348 5.47562e-13
349 5.47562e-13
350 5.47562e-13
351 5.47562e-13
352 5.47562e-13
353 5.47562e-13
354 5.47562e-13
355 5.47562e-13
356 5.47562e-13
357 5.47562e-13
358 5.47562e-13
359 5.47562e-13
360 3.41505e-13
361 3.41505e-13
362 3.41505e-13
363 1.07025e-13
364 1.07025e-13
365 1.07025e-13
366 1.07025e-13
367 8.57092e-14
368 3.95239e-14
369 3.95239e-14
370 3.95239e-14
371 2.88658e-14
372 2.88658e-14
373 2.17604e-14
374 2.17604e-14
375 2.17604e-14
376 2.17604e-14
377 2.17604e-14
378 2.17604e-14
379 2.17604e-14
380 2.17604e-14
381 1.46549e-14
382 1.11022e-14
383 3.9968e-15
384 3.9968e-15
385 3.9968e-15
386 3.9968e-15
387 3.9968e-15
388 4.44089e-16
389 4.44089e-16
390 4.44089e-16
391 4.44089e-16
392 4.44089e-16
393 4.44089e-16
394 4.44089e-16
395 4.44089e-16
396 4.44089e-16
397 4.44089e-16
398 4.44089e-16
399 4.44089e-16
400 4.44089e-16
401 4.44089e-16
402 4.44089e-16
403 4.44089e-16
404 4.44089e-16
405 4.44089e-16
406 4.44089e-16
407 4.44089e-16
408 4.44089e-16
409 4.44089e-16
410 4.44089e-16
411 4.44089e-16
412 4.44089e-16
413 4.44089e-16
414 4.44089e-16
415 4.44089e-16
416 4.44089e-16
417 4.44089e-16
418 4.44089e-16
419 4.44089e-16
420 4.44089e-16
421 4.44089e-16
422 4.44089e-16
423 4.44089e-16
424 4.44089e-16
425 4.44089e-16
426 4.44089e-16
427 4.44089e-16
428 4.44089e-16
429 4.44089e-16
430 4.44089e-16
431 4.44089e-16
432 4.44089e-16
433 4.44089e-16
434 4.44089e-16
435 4.44089e-16
436 4.44089e-16
437 4.44089e-16
438 4.44089e-16
439 4.44089e-16
440 4.44089e-16
441 4.44089e-16
442 4.44089e-16
443 4.44089e-16
444 4.44089e-16
445 4.44089e-16
446 4.44089e-16
447 4.44089e-16
448 4.44089e-16
449 4.44089e-16
450 4.44089e-16
451 4.44089e-16
452 4.44089e-16
453 4.44089e-16
454 4.44089e-16
455 4.44089e-16
456 4.44089e-16
457 4.44089e-16
458 4.44089e-16
459 4.44089e-16
460 4.44089e-16
461 4.44089e-16
462 4.44089e-16
463 4.44089e-16
464 4.44089e-16
465 4.44089e-16
466 4.44089e-16
467 4.44089e-16
468 4.44089e-16
469 4.44089e-16
470 4.44089e-16
471 4.44089e-16
472 4.44089e-16
473 4.44089e-16
474 4.44089e-16
475 4.44089e-16
476 4.44089e-16
477 4.44089e-16
478 4.44089e-16
479 4.44089e-16
480 4.44089e-16
481 4.44089e-16
482 4.44089e-16
483 4.44089e-16
484 4.44089e-16
485 4.44089e-16
486 4.44089e-16
487 4.44089e-16
488 4.44089e-16
489 4.44089e-16
490 4.44089e-16
491 4.44089e-16
492 4.44089e-16
493 4.44089e-16
494 4.44089e-16
495 4.44089e-16
496 4.44089e-16
497 4.44089e-16
498 4.44089e-16
499 4.44089e-16
500 4.44089e-16
501 4.44089e-16
502 4.44089e-16
503 4.44089e-16
504 4.44089e-16
505 4.44089e-16
506 4.44089e-16
507 4.44089e-16
508 4.44089e-16
509 4.44089e-16
510 4.44089e-16
511 4.44089e-16
512 4.44089e-16
513 4.44089e-16
514 4.44089e-16
515 4.44089e-16
516 4.44089e-16
517 4.44089e-16
518 4.44089e-16
519 4.44089e-16
520 4.44089e-16
521 4.44089e-16
522 4.44089e-16
523 4.44089e-16
524 4.44089e-16
525 4.44089e-16
526 4.44089e-16
527 4.44089e-16
528 4.44089e-16
529 4.44089e-16
530 4.44089e-16
531 4.44089e-16
532 4.44089e-16
533 4.44089e-16
534 4.44089e-16
535 4.44089e-16
536 4.44089e-16
537 4.44089e-16
538 4.44089e-16
539 4.44089e-16
540 4.44089e-16
541 4.44089e-16
542 4.44089e-16
543 4.44089e-16
544 4.44089e-16
545 4.44089e-16
546 4.44089e-16
547 4.44089e-16
548 4.44089e-16
549 4.44089e-16
550 4.44089e-16
551 4.44089e-16
552 4.44089e-16
553 4.44089e-16
554 4.44089e-16
555 4.44089e-16
556 4.44089e-16
557 4.44089e-16
558 4.44089e-16
559 4.44089e-16
560 4.44089e-16
561 4.44089e-16
562 4.44089e-16
563 4.44089e-16
564 4.44089e-16
565 4.44089e-16
566 4.44089e-16
567 4.44089e-16
568 4.44089e-16
569 4.44089e-16
570 4.44089e-16
571 4.44089e-16
572 4.44089e-16
573 4.44089e-16
574 4.44089e-16
575 4.44089e-16
576 4.44089e-16
577 4.44089e-16
578 4.44089e-16
579 4.44089e-16
580 4.44089e-16
581 4.44089e-16
582 4.44089e-16
583 4.44089e-16
584 4.44089e-16
585 4.44089e-16
586 4.44089e-16
587 4.44089e-16
588 4.44089e-16
589 4.44089e-16
590 4.44089e-16
591 4.44089e-16
592 4.44089e-16
593 4.44089e-16
594 4.44089e-16
595 4.44089e-16
596 4.44089e-16
597 4.44089e-16
598 4.44089e-16
599 4.44089e-16
600 4.44089e-16
601 4.44089e-16
602 4.44089e-16
603 4.44089e-16
604 4.44089e-16
605 4.44089e-16
606 4.44089e-16
607 4.44089e-16
608 4.44089e-16
609 4.44089e-16
610 4.44089e-16
611 4.44089e-16
612 4.44089e-16
613 4.44089e-16
614 4.44089e-16
615 4.44089e-16
616 4.44089e-16
617 4.44089e-16
618 4.44089e-16
619 4.44089e-16
620 4.44089e-16
621 4.44089e-16
622 4.44089e-16
623 4.44089e-16
624 4.44089e-16
625 4.44089e-16
626 4.44089e-16
627 4.44089e-16
628 4.44089e-16
629 4.44089e-16
630 4.44089e-16
631 4.44089e-16
632 4.44089e-16
633 4.44089e-16
634 4.44089e-16
635 4.44089e-16
636 4.44089e-16
637 4.44089e-16
638 4.44089e-16
639 4.44089e-16
640 4.44089e-16
641 4.44089e-16
642 4.44089e-16
643 4.44089e-16
644 4.44089e-16
645 4.44089e-16
646 4.44089e-16
647 4.44089e-16
648 4.44089e-16
649 4.44089e-16
650 4.44089e-16
651 4.44089e-16
652 4.44089e-16
653 4.44089e-16
654 4.44089e-16
655 4.44089e-16
656 4.44089e-16
657 4.44089e-16
658 4.44089e-16
659 4.44089e-16
660 4.44089e-16
661 4.44089e-16
662 4.44089e-16
663 4.44089e-16
664 4.44089e-16
665 4.44089e-16
666 4.44089e-16
