0 7.53326
1 7.53326
2 6.26217
3 5.09897
4 4.34261
5 4.34261
6 4.34261
7 4.34261
8 4.34261
9 4.34261
10 2.99702
11 1.89739
12 1.89739
13 1.89739
14 1.89739
15 1.89739
16 1.89739
17 1.89739
18 1.89739
19 1.89739
20 1.89739
21 1.89739
22 1.89739
23 1.89739
24 1.89739
25 1.89739
26 1.89739
27 1.89739
28 1.89739
29 1.89739
30 1.89739
31 1.89739
32 1.89739
33 1.89739
34 1.89739
35 1.89739
36 1.89739
37 1.89739
38 1.89739
39 1.29615
40 1.29615
41 1.29615
42 1.29615
43 1.29615
44 1.29615
45 0.609927
46 0.609927
47 0.609927
48 0.609927
49 0.609927
50 0.502553
51 0.502553
52 0.502553
53 0.502553
54 0.502553
55 0.502553
56 0.502553
57 0.0570018
58 0.0570018
59 0.0382026
60 0.0382026
61 0.0382026
62 0.0382026
63 0.0382026
64 0.0382026
65 0.0382026
66 0.0382026
67 0.0382026
68 0.0382026
69 0.0382026
70 0.0382026
71 0.0382026
72 0.0382026
73 0.0382026
74 0.0382026
75 0.0382026
76 0.0382026
77 0.0382026
78 0.0382026
79 0.0382026
80 0.0382026
81 0.0226318
82 0.0226318
83 0.0226318
84 0.0226318
85 0.0226318
86 0.0226318
87 0.0226318
88 0.0226318
89 0.0226318
90 0.0226318
91 0.0226318
92 0.0226318
93 0.0226318
94 0.0226318
95 0.0226318
96 0.0226318
97 0.0226318
98 0.0226318
99 0.0226318
100 0.0226318
101 0.0226318
102 0.0226318
103 0.0226318
104 0.0226318
105 0.0226318
106 0.0216069
107 0.0216069
108 0.0216069
109 0.0216069
110 0.0216069
111 0.0216069
112 0.0103176
113 0.0103176
114 0.0103176
115 0.0103176
116 0.0103176
117 0.0103176
118 0.0103176
119 0.0103176
120 0.00430755
121 0.00430755
122 0.00430755
123 0.00430755
124 0.00430755
125 0.00430755
126 0.00430755
127 0.00289701
128 0.00289701
129 0.00289701
130 0.00289701
131 0.00289701
132 0.00289701
133 0.00289701
134 0.00289701
135 0.00289701
136 0.00289701
137 0.00289701
138 0.00289701
139 0.00193567
140 0.00121862
141 0.00121862
142 0.00121862
143 0.00121862
144 0.00121862
145 0.00121862
146 0.000948593
147 0.000948593
148 0.000948593
149 0.000948593
150 0.000569813
151 0.000569813
152 5.54985e-05
153 5.54985e-05
154 5.54985e-05
155 5.54985e-05
156 5.54985e-05
157 5.54985e-05
158 5.54985e-05
159 5.54985e-05
160 5.54985e-05
161 5.54985e-05
162 5.19302e-05
163 5.19302e-05
164 5.19302e-05
165 5.19302e-05
166 5.19302e-05
167 5.19302e-05
168 5.19302e-05
169 5.19302e-05
170 5.19302e-05
171 5.19302e-05
172 3.34824e-05
173 3.34824e-05
174 3.34824e-05
175 1.31132e-05
176 1.31132e-05
177 1.31132e-05
178 1.31132e-05
179 1.31132e-05
180 1.31132e-05
181 1.31132e-05
182 1.31132e-05
183 1.31132e-05
184 1.31132e-05
185 1.31132e-05
186 1.31132e-05
187 1.12331e-05
188 6.72138e-06
189 2.77576e-06
190 2.76639e-06
191 2.76639e-06
192 2.76639e-06
193 2.17542e-06
194 2.17542e-06
195 2.17542e-06
196 2.17542e-06
197 2.17542e-06
198 2.17542e-06
199 1.87413e-06
200 1.87413e-06
201 1.87413e-06
202 1.87413e-06
203 1.87413e-06
204 1.87413e-06
205 1.87413e-06
206 1.87413e-06
207 1.37887e-06
208 1.37887e-06
209 6.1274e-07
210 6.1274e-07
211 6.1274e-07
212 5.64064e-07
213 2.51077e-07
214 2.51077e-07
215 2.51077e-07
216 2.51077e-07
217 2.51077e-07
218 2.51077e-07
219 2.51077e-07
220 2.51077e-07
221 2.15981e-07
222 2.05994e-07
223 2.05994e-07
224 2.04839e-07
225 1.94474e-07
226 1.94474e-07
227 7.70092e-08
228 7.70092e-08
229 7.70092e-08
230 7.17963e-08
231 7.17963e-08
232 5.28423e-08
233 5.28423e-08
234 5.28423e-08
235 5.28423e-08
236 5.28423e-08
237 4.08351e-08
238 2.77879e-08
239 2.77879e-08
240 2.77879e-08
241 2.77879e-08
242 2.73924e-08
243 2.67508e-08
244 2.67508e-08
245 2.64007e-08
246 2.62903e-08
247 2.62903e-08
248 2.62903e-08
249 1.55918e-08
250 8.60951e-09
251 8.60951e-09
252 8.60951e-09
253 2.43581e-09
254 2.43581e-09
255 2.43581e-09
256 2.43581e-09
257 2.14079e-09
258 2.14079e-09
259 2.14079e-09
260 2.14079e-09
261 2.14079e-09
262 2.14079e-09
263 2.14079e-09
264 2.14079e-09
265 2.14079e-09
266 2.14079e-09
267 1.20006e-09
268 1.20006e-09
269 1.20006e-09
270 1.20006e-09
271 1.20006e-09
272 1.20006e-09
273 1.20006e-09
274 1.20006e-09
275 1.20006e-09
276 1.20006e-09
277 1.20006e-09
278 1.20006e-09
279 1.20006e-09
280 1.20006e-09
281 1.20006e-09
282 1.20006e-09
283 1.20006e-09
284 1.20006e-09
285 1.10408e-09
286 1.10408e-09
287 4.38451e-10
288 4.38451e-10
289 4.38451e-10
290 4.38451e-10
291 4.38451e-10
292 3.64992e-10
293 2.1316e-10
294 2.1316e-10
295 2.1316e-10
296 2.1316e-10
297 2.1316e-10
298 2.1316e-10
299 2.1316e-10
300 1.44262e-10
301 1.44262e-10
302 1.44262e-10
303 1.44262e-10
304 1.44262e-10
305 1.44262e-10
306 1.44262e-10
307 1.44262e-10
308 1.44262e-10
309 1.44262e-10
310 1.44262e-10
311 9.79345e-11
312 9.79345e-11
313 8.28568e-11
314 3.94391e-11
315 3.94391e-11
316 3.94391e-11
317 3.94391e-11
318 3.94391e-11
319 3.94391e-11
320 3.94391e-11
321 3.94391e-11
322 3.29412e-11
323 3.29412e-11
324 3.29412e-11
325 1.05378e-11
326 1.05378e-11
327 1.05378e-11
328 1.05378e-11
329 5.46452e-12
330 3.74145e-12
331 3.74145e-12
332 3.74145e-12
333 8.31779e-13
334 8.31779e-13
335 8.31779e-13
336 8.31779e-13
337 8.31779e-13
338 8.31779e-13
339 5.68878e-13
340 5.08482e-13
341 5.08482e-13
342 5.08482e-13
343 2.10054e-13
344 2.10054e-13
345 2.06501e-13
346 2.06501e-13
347 2.06501e-13
348 2.06501e-13
349 2.06501e-13
350 1.99396e-13
351 1.95843e-13
352 7.86038e-14
353 7.86038e-14
354 4.66294e-14
355 2.88658e-14
356 2.88658e-14
357 2.17604e-14
358 1.82077e-14
359 1.82077e-14
360 1.82077e-14
361 1.82077e-14
362 1.82077e-14
363 1.82077e-14
364 1.82077e-14
365 7.54952e-15
366 7.54952e-15
367 3.9968e-15
368 3.9968e-15
369 3.9968e-15
370 3.9968e-15
371 3.9968e-15
372 3.9968e-15
373 3.9968e-15
374 4.44089e-16
375 4.44089e-16
376 4.44089e-16
377 4.44089e-16
378 4.44089e-16
379 4.44089e-16
380 4.44089e-16
381 4.44089e-16
382 4.44089e-16
383 4.44089e-16
384 4.44089e-16
385 4.44089e-16
386 4.44089e-16
387 4.44089e-16
388 4.44089e-16
389 4.44089e-16
390 4.44089e-16
391 4.44089e-16
392 4.44089e-16
393 4.44089e-16
394 4.44089e-16
395 4.44089e-16
396 4.44089e-16
397 4.44089e-16
398 4.44089e-16
399 4.44089e-16
400 4.44089e-16
401 4.44089e-16
402 4.44089e-16
403 4.44089e-16
404 4.44089e-16
405 4.44089e-16
406 4.44089e-16
407 4.44089e-16
408 4.44089e-16
409 4.44089e-16
410 4.44089e-16
411 4.44089e-16
412 4.44089e-16
413 4.44089e-16
414 4.44089e-16
415 4.44089e-16
416 4.44089e-16
417 4.44089e-16
418 4.44089e-16
419 4.44089e-16
420 4.44089e-16
421 4.44089e-16
422 4.44089e-16
423 4.44089e-16
424 4.44089e-16
425 4.44089e-16
426 4.44089e-16
427 4.44089e-16
428 4.44089e-16
429 4.44089e-16
430 4.44089e-16
431 4.44089e-16
432 4.44089e-16
433 4.44089e-16
434 4.44089e-16
435 4.44089e-16
436 4.44089e-16
437 4.44089e-16
438 4.44089e-16
439 4.44089e-16
440 4.44089e-16
441 4.44089e-16
442 4.44089e-16
443 4.44089e-16
444 4.44089e-16
445 4.44089e-16
446 4.44089e-16
447 4.44089e-16
448 4.44089e-16
449 4.44089e-16
450 4.44089e-16
451 4.44089e-16
452 4.44089e-16
453 4.44089e-16
454 4.44089e-16
455 4.44089e-16
456 4.44089e-16
457 4.44089e-16
458 4.44089e-16
459 4.44089e-16
460 4.44089e-16
461 4.44089e-16
462 4.44089e-16
463 4.44089e-16
464 4.44089e-16
465 4.44089e-16
466 4.44089e-16
467 4.44089e-16
468 4.44089e-16
469 4.44089e-16
470 4.44089e-16
471 4.44089e-16
472 4.44089e-16
473 4.44089e-16
474 4.44089e-16
475 4.44089e-16
476 4.44089e-16
477 4.44089e-16
478 4.44089e-16
479 4.44089e-16
480 4.44089e-16
481 4.44089e-16
482 4.44089e-16
483 4.44089e-16
484 4.44089e-16
485 4.44089e-16
486 4.44089e-16
487 4.44089e-16
488 4.44089e-16
489 4.44089e-16
490 4.44089e-16
491 4.44089e-16
492 4.44089e-16
493 4.44089e-16
494 4.44089e-16
495 4.44089e-16
496 4.44089e-16
497 4.44089e-16
498 4.44089e-16
499 4.44089e-16
500 4.44089e-16
501 4.44089e-16
502 4.44089e-16
503 4.44089e-16
504 4.44089e-16
505 4.44089e-16
506 4.44089e-16
507 4.44089e-16
508 4.44089e-16
509 4.44089e-16
510 4.44089e-16
511 4.44089e-16
512 4.44089e-16
513 4.44089e-16
514 4.44089e-16
515 4.44089e-16
516 4.44089e-16
517 4.44089e-16
518 4.44089e-16
519 4.44089e-16
520 4.44089e-16
521 4.44089e-16
522 4.44089e-16
523 4.44089e-16
524 4.44089e-16
525 4.44089e-16
526 4.44089e-16
527 4.44089e-16
528 4.44089e-16
529 4.44089e-16
530 4.44089e-16
531 4.44089e-16
532 4.44089e-16
533 4.44089e-16
534 4.44089e-16
535 4.44089e-16
536 4.44089e-16
537 4.44089e-16
538 4.44089e-16
539 4.44089e-16
540 4.44089e-16
541 4.44089e-16
542 4.44089e-16
543 4.44089e-16
544 4.44089e-16
545 4.44089e-16
546 4.44089e-16
547 4.44089e-16
548 4.44089e-16
549 4.44089e-16
550 4.44089e-16
551 4.44089e-16
552 4.44089e-16
553 4.44089e-16
554 4.44089e-16
555 4.44089e-16
556 4.44089e-16
557 4.44089e-16
558 4.44089e-16
559 4.44089e-16
560 4.44089e-16
561 4.44089e-16
562 4.44089e-16
563 4.44089e-16
564 4.44089e-16
565 4.44089e-16
566 4.44089e-16
567 4.44089e-16
568 4.44089e-16
569 4.44089e-16
570 4.44089e-16
571 4.44089e-16
572 4.44089e-16
573 4.44089e-16
574 4.44089e-16
575 4.44089e-16
576 4.44089e-16
577 4.44089e-16
578 4.44089e-16
579 4.44089e-16
580 4.44089e-16
581 4.44089e-16
582 4.44089e-16
583 4.44089e-16
584 4.44089e-16
585 4.44089e-16
586 4.44089e-16
587 4.44089e-16
588 4.44089e-16
589 4.44089e-16
590 4.44089e-16
591 4.44089e-16
592 4.44089e-16
593 4.44089e-16
594 4.44089e-16
595 4.44089e-16
596 4.44089e-16
597 4.44089e-16
598 4.44089e-16
599 4.44089e-16
600 4.44089e-16
601 4.44089e-16
602 4.44089e-16
603 4.44089e-16
604 4.44089e-16
605 4.44089e-16
606 4.44089e-16
607 4.44089e-16
608 4.44089e-16
609 4.44089e-16
610 4.44089e-16
611 4.44089e-16
612 4.44089e-16
613 4.44089e-16
614 4.44089e-16
615 4.44089e-16
616 4.44089e-16
617 4.44089e-16
618 4.44089e-16
619 4.44089e-16
620 4.44089e-16
621 4.44089e-16
622 4.44089e-16
623 4.44089e-16
624 4.44089e-16
625 4.44089e-16
626 4.44089e-16
627 4.44089e-16
628 4.44089e-16
629 4.44089e-16
630 4.44089e-16
631 4.44089e-16
632 4.44089e-16
633 4.44089e-16
634 4.44089e-16
635 4.44089e-16
636 4.44089e-16
637 4.44089e-16
638 4.44089e-16
639 4.44089e-16
640 4.44089e-16
641 4.44089e-16
642 4.44089e-16
643 4.44089e-16
644 4.44089e-16
645 4.44089e-16
646 4.44089e-16
647 4.44089e-16
648 4.44089e-16
649 4.44089e-16
650 4.44089e-16
651 4.44089e-16
652 4.44089e-16
653 4.44089e-16
654 4.44089e-16
655 4.44089e-16
656 4.44089e-16
657 4.44089e-16
658 4.44089e-16
659 4.44089e-16
660 4.44089e-16
661 4.44089e-16
662 4.44089e-16
663 4.44089e-16
664 4.44089e-16
665 4.44089e-16
666 4.44089e-16
