0 5.52167
1 5.52167
2 5.52167
3 5.52167
4 5.52167
5 5.52167
6 5.52167
7 5.52167
8 5.52167
9 3.60514
10 3.60514
11 3.60514
12 3.60514
13 3.60514
14 3.60514
15 3.60514
16 3.60514
17 3.60514
18 3.60514
19 3.60514
20 3.60514
21 3.60514
22 3.60514
23 3.60514
24 3.05433
25 3.05433
26 3.05433
27 3.05433
28 3.05433
29 3.05433
30 2.04957
31 2.04957
32 2.04957
33 2.04957
34 2.04957
35 2.04957
36 2.04957
37 2.04957
38 2.04957
39 2.04957
40 2.04957
41 2.04957
42 2.04957
43 2.04957
44 2.04957
45 2.04957
46 2.04957
47 2.04957
48 0.453439
49 0.453439
50 0.453439
51 0.167871
52 0.167871
53 0.167871
54 0.167871
55 0.167871
56 0.167871
57 0.167871
58 0.167871
59 0.167871
60 0.167871
61 0.167871
62 0.167871
63 0.167871
64 0.167871
65 0.167871
66 0.167871
67 0.167871
68 0.167871
69 0.167871
70 0.167871
71 0.167871
72 0.167871
73 0.167871
74 0.167871
75 0.167871
76 0.167871
77 0.167871
78 0.167871
79 0.167871
80 0.167871
81 0.140198
82 0.140198
83 0.140198
84 0.140198
85 0.0580522
86 0.0580522
87 0.0580522
88 0.0580522
89 0.0580522
90 0.0580522
91 0.0580522
92 0.0580522
93 0.0429613
94 0.0429613
95 0.0397953
96 0.0397953
97 0.0397953
98 0.0397953
99 0.0397953
100 0.0397953
101 0.0397953
102 0.0397953
103 0.0397953
104 0.0397953
105 0.0397953
106 0.0397953
107 0.0397953
108 0.0397953
109 0.0311126
110 0.0311126
111 0.0311126
112 0.0311126
113 0.0311126
114 0.0311126
115 0.0200577
116 0.0200577
117 0.0200577
118 0.0200577
119 0.0200577
120 0.0200577
121 0.0169073
122 0.0169073
123 0.0169073
124 0.0169073
125 0.0169073
126 0.0149428
127 0.0149428
128 0.0149428
129 0.0149428
130 0.0149428
131 0.0131068
132 0.0131068
133 0.0131068
134 0.0131068
135 0.0131068
136 0.0131068
137 0.0131068
138 0.0131068
139 0.0131068
140 0.0131068
141 0.00304059
142 0.00304059
143 0.00304059
144 0.00304059
145 0.00159242
146 0.00159242
147 0.00159242
148 0.00159242
149 0.00159242
150 0.00139151
151 0.00139151
152 0.00139151
153 0.00139151
154 0.000673185
155 0.000673185
156 0.000673185
157 0.000426435
158 0.000426435
159 0.000426435
160 0.000426435
161 0.000426435
162 0.000426435
163 0.00023645
164 0.00023645
165 9.0035e-05
166 9.0035e-05
167 9.0035e-05
168 9.0035e-05
169 9.0035e-05
170 9.0035e-05
171 9.0035e-05
172 9.0035e-05
173 9.0035e-05
174 9.0035e-05
175 9.0035e-05
176 9.0035e-05
177 9.0035e-05
178 9.0035e-05
179 6.6941e-05
180 6.6941e-05
181 6.6941e-05
182 6.6941e-05
183 6.6941e-05
184 6.6941e-05
185 6.6941e-05
186 6.6941e-05
187 6.6941e-05
188 6.6941e-05
189 6.6941e-05
190 6.6941e-05
191 6.6941e-05
192 7.12308e-06
193 7.12308e-06
194 7.12308e-06
195 7.12308e-06
196 7.12308e-06
197 7.12308e-06
198 7.12308e-06
199 7.12308e-06
200 7.12308e-06
201 7.12308e-06
202 7.12308e-06
203 2.38342e-06
204 2.38342e-06
205 2.38342e-06
206 2.38342e-06
207 2.38342e-06
208 2.38342e-06
209 2.38342e-06
210 2.38342e-06
211 2.38342e-06
212 2.38342e-06
213 2.38342e-06
214 2.38342e-06
215 2.38342e-06
216 2.38342e-06
217 2.38342e-06
218 2.38342e-06
219 2.38342e-06
220 2.38342e-06
221 2.05081e-06
222 2.05081e-06
223 2.05081e-06
224 2.05081e-06
225 8.15179e-07
226 8.15179e-07
227 8.15179e-07
228 8.15179e-07
229 8.15179e-07
230 8.15179e-07
231 8.15179e-07
232 8.15179e-07
233 8.15179e-07
234 8.15179e-07
235 8.15179e-07
236 8.15179e-07
237 7.21683e-07
238 7.21683e-07
239 6.06275e-07
240 2.69807e-07
241 2.69807e-07
242 2.69807e-07
243 2.69807e-07
244 9.14955e-08
245 5.34736e-08
246 1.58182e-08
247 1.58182e-08
248 1.58182e-08
249 1.58182e-08
250 1.58182e-08
251 1.58182e-08
252 1.58182e-08
253 1.58182e-08
254 1.58182e-08
255 1.19386e-08
256 7.07403e-09
257 7.07403e-09
258 7.07403e-09
259 7.07403e-09
260 7.07403e-09
261 7.07403e-09
262 7.07403e-09
263 7.07403e-09
264 7.07403e-09
265 7.07403e-09
266 6.87383e-09
267 1.92124e-09
268 1.92124e-09
269 1.92124e-09
270 1.92124e-09
271 1.92124e-09
272 1.92124e-09
273 1.92124e-09
274 1.54834e-09
275 1.54834e-09
276 1.15886e-09
277 1.15886e-09
278 1.15886e-09
279 9.86152e-10
280 9.86152e-10
281 6.67328e-10
282 6.67328e-10
283 5.28907e-10
284 5.28907e-10
285 5.28907e-10
286 5.28907e-10
287 5.1319e-10
288 1.25607e-10
289 1.25607e-10
290 1.25607e-10
291 1.25607e-10
292 1.25607e-10
293 1.05704e-10
294 1.05704e-10
295 1.05704e-10
296 8.03699e-11
297 8.03699e-11
298 6.9353e-11
299 6.9353e-11
300 6.9353e-11
301 5.43534e-11
302 3.11045e-11
303 3.11045e-11
304 3.11045e-11
305 1.70819e-11
306 1.70819e-11
307 1.04099e-11
308 1.04099e-11
309 1.04099e-11
310 6.72928e-12
311 6.72928e-12
312 6.72928e-12
313 2.9492e-12
314 2.9492e-12
315 2.9492e-12
316 2.9492e-12
317 2.9492e-12
318 2.9492e-12
319 2.9492e-12
320 2.9492e-12
321 2.9492e-12
322 2.38431e-12
323 1.13376e-12
324 1.116e-12
325 5.40457e-13
326 5.40457e-13
327 5.40457e-13
328 5.40457e-13
329 5.36904e-13
330 5.36904e-13
331 5.36904e-13
332 5.36904e-13
333 5.36904e-13
334 5.36904e-13
335 3.98348e-13
336 3.98348e-13
337 7.50511e-14
338 7.50511e-14
339 7.50511e-14
340 7.50511e-14
341 7.50511e-14
342 3.59712e-14
343 3.59712e-14
344 3.59712e-14
345 3.59712e-14
346 2.17604e-14
347 2.17604e-14
348 3.9968e-15
349 3.9968e-15
350 3.9968e-15
351 3.9968e-15
352 3.9968e-15
353 3.9968e-15
354 3.9968e-15
355 3.9968e-15
356 3.9968e-15
357 3.9968e-15
358 3.9968e-15
359 3.9968e-15
360 3.9968e-15
361 3.9968e-15
362 3.9968e-15
363 3.9968e-15
364 3.9968e-15
365 3.9968e-15
366 3.9968e-15
367 3.9968e-15
368 3.9968e-15
369 3.9968e-15
370 3.9968e-15
371 3.9968e-15
372 3.9968e-15
373 3.9968e-15
374 3.9968e-15
375 3.9968e-15
376 3.9968e-15
377 3.9968e-15
378 3.9968e-15
379 3.9968e-15
380 3.9968e-15
381 3.9968e-15
382 3.9968e-15
383 3.9968e-15
384 3.9968e-15
385 3.9968e-15
386 3.9968e-15
387 3.9968e-15
388 4.44089e-16
389 4.44089e-16
390 4.44089e-16
391 4.44089e-16
392 4.44089e-16
393 4.44089e-16
394 4.44089e-16
395 4.44089e-16
396 4.44089e-16
397 4.44089e-16
398 4.44089e-16
399 4.44089e-16
400 4.44089e-16
401 4.44089e-16
402 4.44089e-16
403 4.44089e-16
404 4.44089e-16
405 4.44089e-16
406 4.44089e-16
407 4.44089e-16
408 4.44089e-16
409 4.44089e-16
410 4.44089e-16
411 4.44089e-16
412 4.44089e-16
413 4.44089e-16
414 4.44089e-16
415 4.44089e-16
416 4.44089e-16
417 4.44089e-16
418 4.44089e-16
419 4.44089e-16
420 4.44089e-16
421 4.44089e-16
422 4.44089e-16
423 4.44089e-16
424 4.44089e-16
425 4.44089e-16
426 4.44089e-16
427 4.44089e-16
428 4.44089e-16
429 4.44089e-16
430 4.44089e-16
431 4.44089e-16
432 4.44089e-16
433 4.44089e-16
434 4.44089e-16
435 4.44089e-16
436 4.44089e-16
437 4.44089e-16
438 4.44089e-16
439 4.44089e-16
440 4.44089e-16
441 4.44089e-16
442 4.44089e-16
443 4.44089e-16
444 4.44089e-16
445 4.44089e-16
446 4.44089e-16
447 4.44089e-16
448 4.44089e-16
449 4.44089e-16
450 4.44089e-16
451 4.44089e-16
452 4.44089e-16
453 4.44089e-16
454 4.44089e-16
455 4.44089e-16
456 4.44089e-16
457 4.44089e-16
458 4.44089e-16
459 4.44089e-16
460 4.44089e-16
461 4.44089e-16
462 4.44089e-16
463 4.44089e-16
464 4.44089e-16
465 4.44089e-16
466 4.44089e-16
467 4.44089e-16
468 4.44089e-16
469 4.44089e-16
470 4.44089e-16
471 4.44089e-16
472 4.44089e-16
473 4.44089e-16
474 4.44089e-16
475 4.44089e-16
476 4.44089e-16
477 4.44089e-16
478 4.44089e-16
479 4.44089e-16
480 4.44089e-16
481 4.44089e-16
482 4.44089e-16
483 4.44089e-16
484 4.44089e-16
485 4.44089e-16
486 4.44089e-16
487 4.44089e-16
488 4.44089e-16
489 4.44089e-16
490 4.44089e-16
491 4.44089e-16
492 4.44089e-16
493 4.44089e-16
494 4.44089e-16
495 4.44089e-16
496 4.44089e-16
497 4.44089e-16
498 4.44089e-16
499 4.44089e-16
500 4.44089e-16
501 4.44089e-16
502 4.44089e-16
503 4.44089e-16
504 4.44089e-16
505 4.44089e-16
506 4.44089e-16
507 4.44089e-16
508 4.44089e-16
509 4.44089e-16
510 4.44089e-16
511 4.44089e-16
512 4.44089e-16
513 4.44089e-16
514 4.44089e-16
515 4.44089e-16
516 4.44089e-16
517 4.44089e-16
518 4.44089e-16
519 4.44089e-16
520 4.44089e-16
521 4.44089e-16
522 4.44089e-16
523 4.44089e-16
524 4.44089e-16
525 4.44089e-16
526 4.44089e-16
527 4.44089e-16
528 4.44089e-16
529 4.44089e-16
530 4.44089e-16
531 4.44089e-16
532 4.44089e-16
533 4.44089e-16
534 4.44089e-16
535 4.44089e-16
536 4.44089e-16
537 4.44089e-16
538 4.44089e-16
539 4.44089e-16
540 4.44089e-16
541 4.44089e-16
542 4.44089e-16
543 4.44089e-16
544 4.44089e-16
545 4.44089e-16
546 4.44089e-16
547 4.44089e-16
548 4.44089e-16
549 4.44089e-16
550 4.44089e-16
551 4.44089e-16
552 4.44089e-16
553 4.44089e-16
554 4.44089e-16
555 4.44089e-16
556 4.44089e-16
557 4.44089e-16
558 4.44089e-16
559 4.44089e-16
560 4.44089e-16
561 4.44089e-16
562 4.44089e-16
563 4.44089e-16
564 4.44089e-16
565 4.44089e-16
566 4.44089e-16
567 4.44089e-16
568 4.44089e-16
569 4.44089e-16
570 4.44089e-16
571 4.44089e-16
572 4.44089e-16
573 4.44089e-16
574 4.44089e-16
575 4.44089e-16
576 4.44089e-16
577 4.44089e-16
578 4.44089e-16
579 4.44089e-16
580 4.44089e-16
581 4.44089e-16
582 4.44089e-16
583 4.44089e-16
584 4.44089e-16
585 4.44089e-16
586 4.44089e-16
587 4.44089e-16
588 4.44089e-16
589 4.44089e-16
590 4.44089e-16
591 4.44089e-16
592 4.44089e-16
593 4.44089e-16
594 4.44089e-16
595 4.44089e-16
596 4.44089e-16
597 4.44089e-16
598 4.44089e-16
599 4.44089e-16
600 4.44089e-16
601 4.44089e-16
602 4.44089e-16
603 4.44089e-16
604 4.44089e-16
605 4.44089e-16
606 4.44089e-16
607 4.44089e-16
608 4.44089e-16
609 4.44089e-16
610 4.44089e-16
611 4.44089e-16
612 4.44089e-16
613 4.44089e-16
614 4.44089e-16
615 4.44089e-16
616 4.44089e-16
617 4.44089e-16
618 4.44089e-16
619 4.44089e-16
620 4.44089e-16
621 4.44089e-16
622 4.44089e-16
623 4.44089e-16
624 4.44089e-16
625 4.44089e-16
626 4.44089e-16
627 4.44089e-16
628 4.44089e-16
629 4.44089e-16
630 4.44089e-16
631 4.44089e-16
632 4.44089e-16
633 4.44089e-16
634 4.44089e-16
635 4.44089e-16
636 4.44089e-16
637 4.44089e-16
638 4.44089e-16
639 4.44089e-16
640 4.44089e-16
641 4.44089e-16
642 4.44089e-16
643 4.44089e-16
644 4.44089e-16
645 4.44089e-16
646 4.44089e-16
647 4.44089e-16
648 4.44089e-16
649 4.44089e-16
650 4.44089e-16
651 4.44089e-16
652 4.44089e-16
653 4.44089e-16
654 4.44089e-16
655 4.44089e-16
656 4.44089e-16
657 4.44089e-16
658 4.44089e-16
659 4.44089e-16
660 4.44089e-16
661 4.44089e-16
662 4.44089e-16
663 4.44089e-16
664 4.44089e-16
665 4.44089e-16
666 4.44089e-16
