0 3.12152
1 3.12152
2 3.12152
3 3.12152
4 3.12152
5 3.12152
6 3.12152
7 3.12152
8 3.12152
9 3.12152
10 3.12152
11 3.12152
12 3.12152
13 3.12152
14 3.12152
15 3.12152
16 3.12152
17 3.12152
18 0.845983
19 0.845983
20 0.845983
21 0.845983
22 0.845983
23 0.845983
24 0.845983
25 0.845983
26 0.845983
27 0.845983
28 0.845983
29 0.845983
30 0.845983
31 0.845983
32 0.845983
33 0.845983
34 0.845983
35 0.845983
36 0.845983
37 0.845983
38 0.845983
39 0.845983
40 0.845983
41 0.845983
42 0.845983
43 0.845983
44 0.845983
45 0.845983
46 0.845983
47 0.845983
48 0.845983
49 0.845983
50 0.561078
51 0.561078
52 0.561078
53 0.561078
54 0.561078
55 0.561078
56 0.561078
57 0.561078
58 0.561078
59 0.0708934
60 0.0708934
61 0.0708934
62 0.0708934
63 0.0708934
64 0.0708934
65 0.0708934
66 0.0708934
67 0.0708934
68 0.0708934
69 0.0708934
70 0.0708934
71 0.0708934
72 0.0708934
73 0.0708934
74 0.0708934
75 0.0708934
76 0.0708934
77 0.0708934
78 0.0708934
79 0.0708934
80 0.0599007
81 0.0599007
82 0.0515459
83 0.0507994
84 0.0507994
85 0.0443232
86 0.0330455
87 0.0242908
88 0.0176378
89 0.0128784
90 0.0100083
91 0.00901704
92 0.00901704
93 0.00901704
94 0.00901704
95 0.00901704
96 0.00901704
97 0.00901704
98 0.00901704
99 0.00901704
100 0.00901704
101 0.00901704
102 0.0088265
103 0.0088265
104 0.0088265
105 0.00880271
106 0.00880271
107 0.00880271
108 0.0086778
109 0.0086778
110 0.0086778
111 0.0086778
112 0.00838276
113 0.00838276
114 0.00838276
115 0.00838276
116 0.00838276
117 0.00838276
118 0.00838276
119 0.00838276
120 0.00838276
121 0.00838276
122 0.00838276
123 0.00838276
124 0.0083752
125 0.0083752
126 0.0083752
127 0.0083752
128 0.0083752
129 0.0083752
130 0.0083752
131 0.0083752
132 0.0083752
133 0.0083752
134 0.00601953
135 0.00601953
136 0.00601953
137 0.00601953
138 0.00601953
139 0.00601953
140 0.00601953
141 0.00601953
142 0.00601953
143 0.00601953
144 0.00538651
145 0.00538651
146 0.00538651
147 0.00538651
148 0.00538651
149 0.00538651
150 0.00538651
151 0.00538651
152 0.00116665
153 0.00116665
154 0.00116665
155 0.00101312
156 0.00101312
157 0.000437885
158 0.000437885
159 0.000437885
160 0.000437885
161 0.000437885
162 0.000437885
163 0.000437885
164 0.000437885
165 0.000437885
166 0.000437885
167 0.000437885
168 0.000437885
169 0.000437885
170 0.000437885
171 0.000437885
172 0.000437885
173 0.000437885
174 0.000437885
175 0.000437885
176 0.000437885
177 0.000437885
178 0.000437885
179 0.000437885
180 0.000437885
181 0.000437885
182 0.000437885
183 0.000437885
184 0.000437885
185 0.000437885
186 0.000437885
187 0.000184607
188 0.000184607
189 0.000184607
190 0.000184607
191 0.000184607
192 0.000184607
193 0.000184607
194 0.000184607
195 0.000184607
196 0.000184607
197 0.000184607
198 0.000184607
199 0.000184607
200 0.000184607
201 0.000184607
202 0.000119956
203 0.000119956
204 0.000119956
205 0.000117705
206 0.000117705
207 4.79239e-05
208 4.79239e-05
209 4.79239e-05
210 4.79239e-05
211 4.79239e-05
212 2.27293e-05
213 2.27293e-05
214 2.27293e-05
215 2.27293e-05
216 2.27293e-05
217 2.27293e-05
218 2.27293e-05
219 1.85409e-05
220 1.85409e-05
221 1.85409e-05
222 1.85409e-05
223 1.79727e-05
224 8.54808e-06
225 8.54808e-06
226 5.37338e-06
227 5.37338e-06
228 5.37338e-06
229 5.37338e-06
230 2.62855e-06
231 2.62855e-06
232 2.62855e-06
233 2.62855e-06
234 2.62855e-06
235 2.62855e-06
236 2.62855e-06
237 2.62855e-06
238 2.62855e-06
239 1.70702e-06
240 1.70702e-06
241 1.70702e-06
242 9.60122e-07
243 9.60122e-07
244 9.60122e-07
245 9.60122e-07
246 7.95687e-07
247 7.95687e-07
248 4.09782e-07
249 4.09782e-07
250 4.09782e-07
251 4.09782e-07
252 4.09782e-07
253 4.09782e-07
254 4.09782e-07
255 4.09782e-07
256 4.09782e-07
257 4.09782e-07
258 3.07066e-07
259 3.07066e-07
260 3.07066e-07
261 3.07066e-07
262 2.22263e-07
263 2.22263e-07
264 2.22263e-07
265 1.52068e-07
266 1.52068e-07
267 1.52068e-07
268 1.52068e-07
269 1.52068e-07
270 1.52068e-07
271 1.52068e-07
272 1.46018e-07
273 8.5055e-08
274 8.5055e-08
275 8.5055e-08
276 3.14733e-08
277 3.14733e-08
278 3.14733e-08
279 3.14733e-08
280 3.14733e-08
281 3.14733e-08
282 2.79904e-08
283 2.79904e-08
284 1.55866e-08
285 1.55866e-08
286 1.55866e-08
287 1.55866e-08
288 1.55866e-08
289 1.55866e-08
290 1.55866e-08
291 1.55866e-08
292 1.55866e-08
293 9.03412e-09
294 9.03412e-09
295 9.03412e-09
296 5.67718e-09
297 5.67718e-09
298 5.67718e-09
299 5.67718e-09
300 5.67718e-09
301 5.67718e-09
302 2.28054e-09
303 2.28054e-09
304 2.28054e-09
305 2.28054e-09
306 2.28054e-09
307 1.39869e-09
308 1.39869e-09
309 1.39869e-09
310 1.39869e-09
311 1.39869e-09
312 7.65997e-10
313 7.65997e-10
314 3.35238e-10
315 3.35238e-10
316 3.35238e-10
317 3.35238e-10
318 3.35238e-10
319 2.55281e-10
320 2.55281e-10
321 2.55281e-10
322 2.55281e-10
323 2.55281e-10
324 1.96736e-10
325 1.96736e-10
326 1.96736e-10
327 1.87967e-10
328 1.87967e-10
329 1.87967e-10
330 1.83416e-10
331 1.64875e-10
332 4.29101e-11
333 4.00964e-11
334 4.00964e-11
335 3.99791e-11
336 6.99574e-12
337 6.99574e-12
338 6.99574e-12
339 6.99574e-12
340 6.99574e-12
341 3.93685e-12
342 3.93685e-12
343 3.93685e-12
344 3.93685e-12
345 3.58158e-12
346 3.58158e-12
347 3.58158e-12
348 3.58158e-12
349 3.58158e-12
350 3.58158e-12
351 3.58158e-12
352 3.58158e-12
353 2.67919e-12
354 2.67919e-12
355 2.48379e-12
356 2.46958e-12
357 1.93312e-12
358 1.60627e-12
359 6.11511e-13
360 1.39e-13
361 1.39e-13
362 1.35447e-13
363 1.35447e-13
364 1.35447e-13
365 1.35447e-13
366 1.17684e-13
367 1.17684e-13
368 1.17684e-13
369 1.17684e-13
370 1.17684e-13
371 1.17684e-13
372 2.88658e-14
373 2.88658e-14
374 2.88658e-14
375 7.54952e-15
376 7.54952e-15
377 7.54952e-15
378 7.54952e-15
379 7.54952e-15
380 7.54952e-15
381 7.54952e-15
382 7.54952e-15
383 7.54952e-15
384 3.9968e-15
385 3.9968e-15
386 3.9968e-15
387 3.9968e-15
388 3.9968e-15
389 3.9968e-15
390 3.9968e-15
391 3.9968e-15
392 3.9968e-15
393 4.44089e-16
394 4.44089e-16
395 4.44089e-16
396 4.44089e-16
397 4.44089e-16
398 4.44089e-16
399 4.44089e-16
400 4.44089e-16
401 4.44089e-16
402 4.44089e-16
403 4.44089e-16
404 4.44089e-16
405 4.44089e-16
406 4.44089e-16
407 4.44089e-16
408 4.44089e-16
409 4.44089e-16
410 4.44089e-16
411 4.44089e-16
412 4.44089e-16
413 4.44089e-16
414 4.44089e-16
415 4.44089e-16
416 4.44089e-16
417 4.44089e-16
418 4.44089e-16
419 4.44089e-16
420 4.44089e-16
421 4.44089e-16
422 4.44089e-16
423 4.44089e-16
424 4.44089e-16
425 4.44089e-16
426 4.44089e-16
427 4.44089e-16
428 4.44089e-16
429 4.44089e-16
430 4.44089e-16
431 4.44089e-16
432 4.44089e-16
433 4.44089e-16
434 4.44089e-16
435 4.44089e-16
436 4.44089e-16
437 4.44089e-16
438 4.44089e-16
439 4.44089e-16
440 4.44089e-16
441 4.44089e-16
442 4.44089e-16
443 4.44089e-16
444 4.44089e-16
445 4.44089e-16
446 4.44089e-16
447 4.44089e-16
448 4.44089e-16
449 4.44089e-16
450 4.44089e-16
451 4.44089e-16
452 4.44089e-16
453 4.44089e-16
454 4.44089e-16
455 4.44089e-16
456 4.44089e-16
457 4.44089e-16
458 4.44089e-16
459 4.44089e-16
460 4.44089e-16
461 4.44089e-16
462 4.44089e-16
463 4.44089e-16
464 4.44089e-16
465 4.44089e-16
466 4.44089e-16
467 4.44089e-16
468 4.44089e-16
469 4.44089e-16
470 4.44089e-16
471 4.44089e-16
472 4.44089e-16
473 4.44089e-16
474 4.44089e-16
475 4.44089e-16
476 4.44089e-16
477 4.44089e-16
478 4.44089e-16
479 4.44089e-16
480 4.44089e-16
481 4.44089e-16
482 4.44089e-16
483 4.44089e-16
484 4.44089e-16
485 4.44089e-16
486 4.44089e-16
487 4.44089e-16
488 4.44089e-16
489 4.44089e-16
490 4.44089e-16
491 4.44089e-16
492 4.44089e-16
493 4.44089e-16
494 4.44089e-16
495 4.44089e-16
496 4.44089e-16
497 4.44089e-16
498 4.44089e-16
499 4.44089e-16
500 4.44089e-16
501 4.44089e-16
502 4.44089e-16
503 4.44089e-16
504 4.44089e-16
505 4.44089e-16
506 4.44089e-16
507 4.44089e-16
508 4.44089e-16
509 4.44089e-16
510 4.44089e-16
511 4.44089e-16
512 4.44089e-16
513 4.44089e-16
514 4.44089e-16
515 4.44089e-16
516 4.44089e-16
517 4.44089e-16
518 4.44089e-16
519 4.44089e-16
520 4.44089e-16
521 4.44089e-16
522 4.44089e-16
523 4.44089e-16
524 4.44089e-16
525 4.44089e-16
526 4.44089e-16
527 4.44089e-16
528 4.44089e-16
529 4.44089e-16
530 4.44089e-16
531 4.44089e-16
532 4.44089e-16
533 4.44089e-16
534 4.44089e-16
535 4.44089e-16
536 4.44089e-16
537 4.44089e-16
538 4.44089e-16
539 4.44089e-16
540 4.44089e-16
541 4.44089e-16
542 4.44089e-16
543 4.44089e-16
544 4.44089e-16
545 4.44089e-16
546 4.44089e-16
547 4.44089e-16
548 4.44089e-16
549 4.44089e-16
550 4.44089e-16
551 4.44089e-16
552 4.44089e-16
553 4.44089e-16
554 4.44089e-16
555 4.44089e-16
556 4.44089e-16
557 4.44089e-16
558 4.44089e-16
559 4.44089e-16
560 4.44089e-16
561 4.44089e-16
562 4.44089e-16
563 4.44089e-16
564 4.44089e-16
565 4.44089e-16
566 4.44089e-16
567 4.44089e-16
568 4.44089e-16
569 4.44089e-16
570 4.44089e-16
571 4.44089e-16
572 4.44089e-16
573 4.44089e-16
574 4.44089e-16
575 4.44089e-16
576 4.44089e-16
577 4.44089e-16
578 4.44089e-16
579 4.44089e-16
580 4.44089e-16
581 4.44089e-16
582 4.44089e-16
583 4.44089e-16
584 4.44089e-16
585 4.44089e-16
586 4.44089e-16
587 4.44089e-16
588 4.44089e-16
589 4.44089e-16
590 4.44089e-16
591 4.44089e-16
592 4.44089e-16
593 4.44089e-16
594 4.44089e-16
595 4.44089e-16
596 4.44089e-16
597 4.44089e-16
598 4.44089e-16
599 4.44089e-16
600 4.44089e-16
601 4.44089e-16
602 4.44089e-16
603 4.44089e-16
604 4.44089e-16
605 4.44089e-16
606 4.44089e-16
607 4.44089e-16
608 4.44089e-16
609 4.44089e-16
610 4.44089e-16
611 4.44089e-16
612 4.44089e-16
613 4.44089e-16
614 4.44089e-16
615 4.44089e-16
616 4.44089e-16
617 4.44089e-16
618 4.44089e-16
619 4.44089e-16
620 4.44089e-16
621 4.44089e-16
622 4.44089e-16
623 4.44089e-16
624 4.44089e-16
625 4.44089e-16
626 4.44089e-16
627 4.44089e-16
628 4.44089e-16
629 4.44089e-16
630 4.44089e-16
631 4.44089e-16
632 4.44089e-16
633 4.44089e-16
634 4.44089e-16
635 4.44089e-16
636 4.44089e-16
637 4.44089e-16
638 4.44089e-16
639 4.44089e-16
640 4.44089e-16
641 4.44089e-16
642 4.44089e-16
643 4.44089e-16
644 4.44089e-16
645 4.44089e-16
646 4.44089e-16
647 4.44089e-16
648 4.44089e-16
649 4.44089e-16
650 4.44089e-16
651 4.44089e-16
652 4.44089e-16
653 4.44089e-16
654 4.44089e-16
655 4.44089e-16
656 4.44089e-16
657 4.44089e-16
658 4.44089e-16
659 4.44089e-16
660 4.44089e-16
661 4.44089e-16
662 4.44089e-16
663 4.44089e-16
664 4.44089e-16
665 4.44089e-16
666 4.44089e-16
