0 8.72909
1 8.31043
2 4.59113
3 4.59113
4 3.2326
5 3.2326
6 3.2326
7 3.2326
8 3.2326
9 3.2326
10 3.2326
11 3.2326
12 3.2326
13 3.2326
14 3.2326
15 3.2326
16 3.2326
17 3.2326
18 3.2326
19 3.2326
20 3.2326
21 3.2326
22 3.2326
23 2.00282
24 2.00282
25 2.00282
26 2.00282
27 2.00282
28 1.73232
29 1.73232
30 1.73232
31 1.73232
32 1.73232
33 1.73232
34 1.73232
35 1.73232
36 1.73232
37 1.73232
38 1.73232
39 1.73232
40 1.73232
41 1.73232
42 1.73232
43 1.73232
44 1.73232
45 1.73232
46 1.73232
47 0.388525
48 0.388525
49 0.388525
50 0.388525
51 0.388525
52 0.388525
53 0.388525
54 0.23716
55 0.23716
56 0.23716
57 0.23716
58 0.23716
59 0.23716
60 0.23716
61 0.0569188
62 0.0569188
63 0.0569188
64 0.0569188
65 0.0569188
66 0.0569188
67 0.0569188
68 0.0569188
69 0.0569188
70 0.0569188
71 0.0569188
72 0.0569188
73 0.0569188
74 0.0569188
75 0.0569188
76 0.0569188
77 0.0569188
78 0.0569188
79 0.0569188
80 0.0569188
81 0.0569188
82 0.0569188
83 0.0569188
84 0.0569188
85 0.0569188
86 0.0569188
87 0.0569188
88 0.0569188
89 0.0569188
90 0.0569188
91 0.0569188
92 0.0569188
93 0.0569188
94 0.0569188
95 0.0569188
96 0.0569188
97 0.0207119
98 0.0207119
99 0.0207119
100 0.0207119
101 0.0207119
102 0.0207119
103 0.0207119
104 0.0207119
105 0.0207119
106 0.0207119
107 0.0207119
108 0.0207119
109 0.0207119
110 0.0207119
111 0.0207119
112 0.0207119
113 0.0207119
114 0.0207119
115 0.0207119
116 0.0177256
117 0.0177256
118 0.0177256
119 0.0177256
120 0.0177256
121 0.0177256
122 0.0177256
123 0.0177256
124 0.0177256
125 0.0177256
126 0.0177256
127 0.0177256
128 0.0177256
129 0.0177256
130 0.014159
131 0.014159
132 0.014159
133 0.0130265
134 0.0130265
135 0.0130265
136 0.0130265
137 0.0130265
138 0.0130265
139 0.0130265
140 0.0130265
141 0.0130265
142 0.0130265
143 0.0130265
144 0.0130265
145 0.0130265
146 0.0130265
147 0.0130265
148 0.00618665
149 0.00618665
150 0.00618665
151 0.00618665
152 0.00618665
153 0.00618665
154 0.00375091
155 0.00375091
156 0.00375091
157 0.00375091
158 0.00375091
159 0.00375091
160 0.00322945
161 0.00322945
162 0.00322945
163 0.00322945
164 0.00322945
165 0.00322945
166 0.00322945
167 0.00322945
168 0.00322945
169 0.00322945
170 0.00322945
171 0.00322945
172 0.00322945
173 0.00322945
174 0.00322945
175 0.00218237
176 0.00218237
177 0.00218237
178 0.00218237
179 0.00108448
180 0.000133343
181 0.000133343
182 0.000133343
183 0.000133343
184 0.000133343
185 0.000133343
186 0.000133343
187 0.000133343
188 0.000133343
189 0.000133343
190 0.000133343
191 0.000133343
192 0.000133343
193 0.000133343
194 0.000133343
195 0.000133343
196 0.000133343
197 0.000133343
198 0.000133343
199 0.000133343
200 0.000133343
201 0.000133343
202 0.000133343
203 0.000133343
204 0.000133343
205 0.000133343
206 0.000133343
207 0.000133343
208 0.000117336
209 0.000116571
210 0.000116571
211 4.48466e-05
212 1.70159e-05
213 1.70159e-05
214 1.70159e-05
215 9.30114e-06
216 9.30114e-06
217 9.30114e-06
218 6.39292e-06
219 3.97925e-06
220 3.97925e-06
221 2.63113e-06
222 2.63113e-06
223 2.63113e-06
224 1.98796e-06
225 1.98796e-06
226 1.98796e-06
227 4.16273e-07
228 4.16273e-07
229 4.16273e-07
230 4.16273e-07
231 4.16273e-07
232 4.16273e-07
233 4.16273e-07
234 4.16273e-07
235 4.16273e-07
236 4.16273e-07
237 2.75659e-07
238 2.75659e-07
239 2.75659e-07
240 2.75659e-07
241 2.75659e-07
242 2.67522e-07
243 2.09767e-07
244 2.09767e-07
245 2.09767e-07
246 2.09767e-07
247 2.09767e-07
248 2.09767e-07
249 1.83593e-07
250 1.56935e-07
251 1.55236e-07
252 1.55236e-07
253 1.47547e-07
254 1.47547e-07
255 1.47547e-07
256 1.47547e-07
257 1.47547e-07
258 1.47547e-07
259 1.47547e-07
260 1.47547e-07
261 1.47547e-07
262 9.83593e-08
263 9.83593e-08
264 9.83593e-08
265 7.65665e-08
266 4.44006e-08
267 4.44006e-08
268 4.44006e-08
269 4.44006e-08
270 4.39882e-08
271 4.39882e-08
272 2.38854e-08
273 5.59052e-09
274 5.59052e-09
275 5.59052e-09
276 5.59052e-09
277 5.59052e-09
278 5.59052e-09
279 5.59052e-09
280 5.59052e-09
281 5.59052e-09
282 5.59052e-09
283 5.59052e-09
284 5.59052e-09
285 5.59052e-09
286 5.59052e-09
287 5.59052e-09
288 5.59052e-09
289 5.59052e-09
290 2.42224e-09
291 2.42224e-09
292 2.42224e-09
293 2.42224e-09
294 2.015e-09
295 2.015e-09
296 1.8275e-09
297 1.70216e-09
298 5.53911e-10
299 3.90508e-10
300 3.90508e-10
301 3.90508e-10
302 3.04763e-10
303 3.04763e-10
304 2.42757e-10
305 2.42757e-10
306 2.42757e-10
307 2.42757e-10
308 2.42757e-10
309 2.42757e-10
310 2.38178e-10
311 1.55215e-10
312 1.41548e-10
313 8.43845e-11
314 5.53588e-11
315 4.863e-11
316 4.863e-11
317 4.70561e-11
318 4.70561e-11
319 4.70561e-11
320 1.38773e-11
321 6.42375e-12
322 6.42375e-12
323 6.42375e-12
324 6.42375e-12
325 6.42375e-12
326 6.42375e-12
327 6.42375e-12
328 6.42375e-12
329 6.19993e-12
330 6.19993e-12
331 6.19993e-12
332 3.62066e-12
333 3.62066e-12
334 2.51932e-12
335 2.51932e-12
336 2.51932e-12
337 2.51932e-12
338 2.51932e-12
339 2.51932e-12
340 2.48734e-12
341 2.38431e-12
342 2.38431e-12
343 1.4464e-12
344 7.92699e-13
345 6.15064e-13
346 6.15064e-13
347 6.15064e-13
348 3.59268e-13
349 3.59268e-13
350 3.59268e-13
351 1.63869e-13
352 1.63869e-13
353 1.63869e-13
354 1.63869e-13
355 1.63869e-13
356 1.63869e-13
357 1.60316e-13
358 1.21236e-13
359 1.21236e-13
360 1.21236e-13
361 1.21236e-13
362 9.99201e-14
363 9.99201e-14
364 9.99201e-14
365 1.46549e-14
366 1.46549e-14
367 1.46549e-14
368 1.46549e-14
369 1.46549e-14
370 1.46549e-14
371 1.46549e-14
372 1.46549e-14
373 1.11022e-14
374 3.9968e-15
375 3.9968e-15
376 3.9968e-15
377 3.9968e-15
378 4.44089e-16
379 4.44089e-16
380 4.44089e-16
381 4.44089e-16
382 4.44089e-16
383 4.44089e-16
384 4.44089e-16
385 4.44089e-16
386 4.44089e-16
387 4.44089e-16
388 4.44089e-16
389 4.44089e-16
390 4.44089e-16
391 4.44089e-16
392 4.44089e-16
393 4.44089e-16
394 4.44089e-16
395 4.44089e-16
396 4.44089e-16
397 4.44089e-16
398 4.44089e-16
399 4.44089e-16
400 4.44089e-16
401 4.44089e-16
402 4.44089e-16
403 4.44089e-16
404 4.44089e-16
405 4.44089e-16
406 4.44089e-16
407 4.44089e-16
408 4.44089e-16
409 4.44089e-16
410 4.44089e-16
411 4.44089e-16
412 4.44089e-16
413 4.44089e-16
414 4.44089e-16
415 4.44089e-16
416 4.44089e-16
417 4.44089e-16
418 4.44089e-16
419 4.44089e-16
420 4.44089e-16
421 4.44089e-16
422 4.44089e-16
423 4.44089e-16
424 4.44089e-16
425 4.44089e-16
426 4.44089e-16
427 4.44089e-16
428 4.44089e-16
429 4.44089e-16
430 4.44089e-16
431 4.44089e-16
432 4.44089e-16
433 4.44089e-16
434 4.44089e-16
435 4.44089e-16
436 4.44089e-16
437 4.44089e-16
438 4.44089e-16
439 4.44089e-16
440 4.44089e-16
441 4.44089e-16
442 4.44089e-16
443 4.44089e-16
444 4.44089e-16
445 4.44089e-16
446 4.44089e-16
447 4.44089e-16
448 4.44089e-16
449 4.44089e-16
450 4.44089e-16
451 4.44089e-16
452 4.44089e-16
453 4.44089e-16
454 4.44089e-16
455 4.44089e-16
456 4.44089e-16
457 4.44089e-16
458 4.44089e-16
459 4.44089e-16
460 4.44089e-16
461 4.44089e-16
462 4.44089e-16
463 4.44089e-16
464 4.44089e-16
465 4.44089e-16
466 4.44089e-16
467 4.44089e-16
468 4.44089e-16
469 4.44089e-16
470 4.44089e-16
471 4.44089e-16
472 4.44089e-16
473 4.44089e-16
474 4.44089e-16
475 4.44089e-16
476 4.44089e-16
477 4.44089e-16
478 4.44089e-16
479 4.44089e-16
480 4.44089e-16
481 4.44089e-16
482 4.44089e-16
483 4.44089e-16
484 4.44089e-16
485 4.44089e-16
486 4.44089e-16
487 4.44089e-16
488 4.44089e-16
489 4.44089e-16
490 4.44089e-16
491 4.44089e-16
492 4.44089e-16
493 4.44089e-16
494 4.44089e-16
495 4.44089e-16
496 4.44089e-16
497 4.44089e-16
498 4.44089e-16
499 4.44089e-16
500 4.44089e-16
501 4.44089e-16
502 4.44089e-16
503 4.44089e-16
504 4.44089e-16
505 4.44089e-16
506 4.44089e-16
507 4.44089e-16
508 4.44089e-16
509 4.44089e-16
510 4.44089e-16
511 4.44089e-16
512 4.44089e-16
513 4.44089e-16
514 4.44089e-16
515 4.44089e-16
516 4.44089e-16
517 4.44089e-16
518 4.44089e-16
519 4.44089e-16
520 4.44089e-16
521 4.44089e-16
522 4.44089e-16
523 4.44089e-16
524 4.44089e-16
525 4.44089e-16
526 4.44089e-16
527 4.44089e-16
528 4.44089e-16
529 4.44089e-16
530 4.44089e-16
531 4.44089e-16
532 4.44089e-16
533 4.44089e-16
534 4.44089e-16
535 4.44089e-16
536 4.44089e-16
537 4.44089e-16
538 4.44089e-16
539 4.44089e-16
540 4.44089e-16
541 4.44089e-16
542 4.44089e-16
543 4.44089e-16
544 4.44089e-16
545 4.44089e-16
546 4.44089e-16
547 4.44089e-16
548 4.44089e-16
549 4.44089e-16
550 4.44089e-16
551 4.44089e-16
552 4.44089e-16
553 4.44089e-16
554 4.44089e-16
555 4.44089e-16
556 4.44089e-16
557 4.44089e-16
558 4.44089e-16
559 4.44089e-16
560 4.44089e-16
561 4.44089e-16
562 4.44089e-16
563 4.44089e-16
564 4.44089e-16
565 4.44089e-16
566 4.44089e-16
567 4.44089e-16
568 4.44089e-16
569 4.44089e-16
570 4.44089e-16
571 4.44089e-16
572 4.44089e-16
573 4.44089e-16
574 4.44089e-16
575 4.44089e-16
576 4.44089e-16
577 4.44089e-16
578 4.44089e-16
579 4.44089e-16
580 4.44089e-16
581 4.44089e-16
582 4.44089e-16
583 4.44089e-16
584 4.44089e-16
585 4.44089e-16
586 4.44089e-16
587 4.44089e-16
588 4.44089e-16
589 4.44089e-16
590 4.44089e-16
591 4.44089e-16
592 4.44089e-16
593 4.44089e-16
594 4.44089e-16
595 4.44089e-16
596 4.44089e-16
597 4.44089e-16
598 4.44089e-16
599 4.44089e-16
600 4.44089e-16
601 4.44089e-16
602 4.44089e-16
603 4.44089e-16
604 4.44089e-16
605 4.44089e-16
606 4.44089e-16
607 4.44089e-16
608 4.44089e-16
609 4.44089e-16
610 4.44089e-16
611 4.44089e-16
612 4.44089e-16
613 4.44089e-16
614 4.44089e-16
615 4.44089e-16
616 4.44089e-16
617 4.44089e-16
618 4.44089e-16
619 4.44089e-16
620 4.44089e-16
621 4.44089e-16
622 4.44089e-16
623 4.44089e-16
624 4.44089e-16
625 4.44089e-16
626 4.44089e-16
627 4.44089e-16
628 4.44089e-16
629 4.44089e-16
630 4.44089e-16
631 4.44089e-16
632 4.44089e-16
633 4.44089e-16
634 4.44089e-16
635 4.44089e-16
636 4.44089e-16
637 4.44089e-16
638 4.44089e-16
639 4.44089e-16
640 4.44089e-16
641 4.44089e-16
642 4.44089e-16
643 4.44089e-16
644 4.44089e-16
645 4.44089e-16
646 4.44089e-16
647 4.44089e-16
648 4.44089e-16
649 4.44089e-16
650 4.44089e-16
651 4.44089e-16
652 4.44089e-16
653 4.44089e-16
654 4.44089e-16
655 4.44089e-16
656 4.44089e-16
657 4.44089e-16
658 4.44089e-16
659 4.44089e-16
660 4.44089e-16
661 4.44089e-16
662 4.44089e-16
663 4.44089e-16
664 4.44089e-16
665 4.44089e-16
666 4.44089e-16
