0 8.18292
1 6.2262
2 6.2262
3 6.2262
4 6.16301
5 6.16301
6 4.01763
7 4.01763
8 4.01763
9 4.01763
10 4.01763
11 4.01763
12 4.01763
13 4.01763
14 4.01763
15 4.01763
16 4.01763
17 4.01763
18 4.01763
19 4.01763
20 4.01763
21 4.01763
22 4.01763
23 4.01763
24 4.01763
25 4.01763
26 4.01763
27 3.71956
28 3.71956
29 3.71956
30 3.71956
31 3.71956
32 3.71956
33 3.71956
34 1.08739
35 1.08739
36 1.08739
37 1.08739
38 1.08739
39 1.08739
40 1.08739
41 1.08739
42 1.08739
43 1.08739
44 1.08739
45 1.08739
46 1.08739
47 1.08739
48 1.08739
49 1.08739
50 1.08739
51 1.08739
52 1.08739
53 1.08739
54 1.08739
55 1.08739
56 1.08739
57 1.08739
58 1.08739
59 0.0290102
60 0.0290102
61 0.0290102
62 0.0290102
63 0.0290102
64 0.0290102
65 0.0290102
66 0.0290102
67 0.0290102
68 0.0290102
69 0.0290102
70 0.0290102
71 0.0290102
72 0.0290102
73 0.0290102
74 0.0290102
75 0.0290102
76 0.0290102
77 0.0290102
78 0.0290102
79 0.0290102
80 0.0290102
81 0.0290102
82 0.0290102
83 0.0290102
84 0.0290102
85 0.0290102
86 0.0290102
87 0.0290102
88 0.0290102
89 0.0290102
90 0.0290102
91 0.0290102
92 0.0290102
93 0.0290102
94 0.0290102
95 0.0290102
96 0.0290102
97 0.0290102
98 0.0290102
99 0.0290102
100 0.0290102
101 0.0290102
102 0.0290102
103 0.0290102
104 0.0290102
105 0.0290102
106 0.0290102
107 0.0290102
108 0.0290102
109 0.011646
110 0.011646
111 0.0113397
112 0.0113397
113 0.0113397
114 0.0113397
115 0.0113397
116 0.0113397
117 0.0113397
118 0.0113397
119 0.0113397
120 0.0113397
121 0.0113397
122 0.0113397
123 0.00726647
124 0.00726647
125 0.00726647
126 0.00726647
127 0.00726647
128 0.00726647
129 0.00726647
130 0.00726647
131 0.00726647
132 0.00726647
133 0.00295787
134 0.00295787
135 0.00295787
136 0.00295787
137 0.00295787
138 0.00295787
139 0.00295787
140 0.00295787
141 0.00295787
142 0.00295787
143 0.00295787
144 0.00295787
145 0.00295787
146 0.00295787
147 0.00295787
148 0.00295787
149 0.00295787
150 0.00261899
151 0.002446
152 0.00194985
153 0.00194985
154 0.00194985
155 0.00194985
156 0.000842182
157 0.000842182
158 0.000491521
159 0.000491521
160 0.000491521
161 0.000491521
162 0.000491521
163 0.000491521
164 0.000491521
165 0.000491521
166 0.000491521
167 0.000491521
168 0.000439623
169 0.000439623
170 0.000439623
171 0.000439623
172 0.000431227
173 0.000431227
174 0.000431227
175 0.000431227
176 0.000431227
177 0.0002159
178 0.0002159
179 8.20264e-06
180 8.20264e-06
181 8.20264e-06
182 8.20264e-06
183 8.20264e-06
184 8.20264e-06
185 8.20264e-06
186 8.20264e-06
187 8.20264e-06
188 8.20264e-06
189 8.20264e-06
190 8.20264e-06
191 8.20264e-06
192 8.20264e-06
193 8.20264e-06
194 8.20264e-06
195 8.20264e-06
196 8.20264e-06
197 8.20264e-06
198 8.20264e-06
199 8.20264e-06
200 8.20264e-06
201 6.17205e-06
202 6.17205e-06
203 3.19723e-06
204 3.19723e-06
205 3.19723e-06
206 3.19723e-06
207 3.19723e-06
208 2.79544e-06
209 2.79544e-06
210 2.00896e-06
211 2.00896e-06
212 2.00896e-06
213 2.00896e-06
214 2.00896e-06
215 1.13284e-06
216 1.13284e-06
217 1.13284e-06
218 1.13284e-06
219 1.13284e-06
220 1.13284e-06
221 1.13284e-06
222 1.13284e-06
223 1.13284e-06
224 1.13284e-06
225 1.87809e-07
226 1.87809e-07
227 1.87809e-07
228 1.87809e-07
229 1.87809e-07
230 1.87809e-07
231 1.87809e-07
232 1.87809e-07
233 1.87809e-07
234 1.87809e-07
235 1.87809e-07
236 1.87809e-07
237 8.50977e-08
238 8.50977e-08
239 8.50977e-08
240 8.50977e-08
241 8.50977e-08
242 8.50977e-08
243 8.50977e-08
244 8.50977e-08
245 8.50977e-08
246 8.50977e-08
247 8.50977e-08
248 8.50977e-08
249 8.50977e-08
250 8.50977e-08
251 8.50977e-08
252 8.50977e-08
253 8.50977e-08
254 5.67302e-08
255 5.67302e-08
256 5.67302e-08
257 4.35009e-08
258 4.35009e-08
259 4.35009e-08
260 4.35009e-08
261 4.35009e-08
262 4.35009e-08
263 3.45218e-08
264 3.45218e-08
265 3.45218e-08
266 2.03092e-08
267 7.10134e-09
268 7.10134e-09
269 7.10134e-09
270 7.10134e-09
271 7.10134e-09
272 7.10134e-09
273 7.10134e-09
274 7.10134e-09
275 7.10134e-09
276 7.10134e-09
277 7.10134e-09
278 7.10134e-09
279 4.40745e-09
280 4.40745e-09
281 4.40745e-09
282 4.40745e-09
283 4.40745e-09
284 2.74387e-09
285 2.74387e-09
286 2.74387e-09
287 2.74387e-09
288 2.49358e-09
289 1.83779e-09
290 1.83779e-09
291 1.69531e-09
292 1.69531e-09
293 1.22679e-10
294 1.22679e-10
295 1.22679e-10
296 1.22679e-10
297 1.22679e-10
298 1.22679e-10
299 1.22679e-10
300 1.22679e-10
301 1.22679e-10
302 1.22679e-10
303 1.22679e-10
304 1.22679e-10
305 7.17546e-11
306 7.17546e-11
307 7.17546e-11
308 7.17546e-11
309 4.98486e-11
310 4.98486e-11
311 4.74079e-11
312 4.74079e-11
313 4.61822e-11
314 4.61822e-11
315 4.61822e-11
316 4.4079e-11
317 4.13718e-11
318 4.05227e-11
319 4.05227e-11
320 3.9599e-11
321 3.9194e-11
322 3.9194e-11
323 2.66849e-11
324 2.66849e-11
325 2.42371e-11
326 2.42371e-11
327 1.24989e-11
328 1.24989e-11
329 1.24989e-11
330 1.24989e-11
331 1.24989e-11
332 1.24989e-11
333 1.11204e-11
334 6.89981e-12
335 3.475e-12
336 3.475e-12
337 1.80878e-12
338 8.88623e-13
339 8.88623e-13
340 8.88623e-13
341 8.88623e-13
342 8.88623e-13
343 7.74936e-13
344 7.25198e-13
345 1.39e-13
346 1.39e-13
347 1.39e-13
348 1.39e-13
349 1.39e-13
350 1.39e-13
351 1.39e-13
352 1.14131e-13
353 1.14131e-13
354 1.10578e-13
355 1.10578e-13
356 1.10578e-13
357 1.10578e-13
358 7.14984e-14
359 3.24185e-14
360 3.24185e-14
361 3.24185e-14
362 3.24185e-14
363 3.24185e-14
364 3.24185e-14
365 1.46549e-14
366 1.46549e-14
367 7.54952e-15
368 7.54952e-15
369 7.54952e-15
370 7.54952e-15
371 7.54952e-15
372 7.54952e-15
373 7.54952e-15
374 7.54952e-15
375 7.54952e-15
376 3.9968e-15
377 3.9968e-15
378 3.9968e-15
379 3.9968e-15
380 3.9968e-15
381 3.9968e-15
382 4.44089e-16
383 4.44089e-16
384 4.44089e-16
385 4.44089e-16
386 4.44089e-16
387 4.44089e-16
388 4.44089e-16
389 4.44089e-16
390 4.44089e-16
391 4.44089e-16
392 4.44089e-16
393 4.44089e-16
394 4.44089e-16
395 4.44089e-16
396 4.44089e-16
397 4.44089e-16
398 4.44089e-16
399 4.44089e-16
400 4.44089e-16
401 4.44089e-16
402 4.44089e-16
403 4.44089e-16
404 4.44089e-16
405 4.44089e-16
406 4.44089e-16
407 4.44089e-16
408 4.44089e-16
409 4.44089e-16
410 4.44089e-16
411 4.44089e-16
412 4.44089e-16
413 4.44089e-16
414 4.44089e-16
415 4.44089e-16
416 4.44089e-16
417 4.44089e-16
418 4.44089e-16
419 4.44089e-16
420 4.44089e-16
421 4.44089e-16
422 4.44089e-16
423 4.44089e-16
424 4.44089e-16
425 4.44089e-16
426 4.44089e-16
427 4.44089e-16
428 4.44089e-16
429 4.44089e-16
430 4.44089e-16
431 4.44089e-16
432 4.44089e-16
433 4.44089e-16
434 4.44089e-16
435 4.44089e-16
436 4.44089e-16
437 4.44089e-16
438 4.44089e-16
439 4.44089e-16
440 4.44089e-16
441 4.44089e-16
442 4.44089e-16
443 4.44089e-16
444 4.44089e-16
445 4.44089e-16
446 4.44089e-16
447 4.44089e-16
448 4.44089e-16
449 4.44089e-16
450 4.44089e-16
451 4.44089e-16
452 4.44089e-16
453 4.44089e-16
454 4.44089e-16
455 4.44089e-16
456 4.44089e-16
457 4.44089e-16
458 4.44089e-16
459 4.44089e-16
460 4.44089e-16
461 4.44089e-16
462 4.44089e-16
463 4.44089e-16
464 4.44089e-16
465 4.44089e-16
466 4.44089e-16
467 4.44089e-16
468 4.44089e-16
469 4.44089e-16
470 4.44089e-16
471 4.44089e-16
472 4.44089e-16
473 4.44089e-16
474 4.44089e-16
475 4.44089e-16
476 4.44089e-16
477 4.44089e-16
478 4.44089e-16
479 4.44089e-16
480 4.44089e-16
481 4.44089e-16
482 4.44089e-16
483 4.44089e-16
484 4.44089e-16
485 4.44089e-16
486 4.44089e-16
487 4.44089e-16
488 4.44089e-16
489 4.44089e-16
490 4.44089e-16
491 4.44089e-16
492 4.44089e-16
493 4.44089e-16
494 4.44089e-16
495 4.44089e-16
496 4.44089e-16
497 4.44089e-16
498 4.44089e-16
499 4.44089e-16
500 4.44089e-16
501 4.44089e-16
502 4.44089e-16
503 4.44089e-16
504 4.44089e-16
505 4.44089e-16
506 4.44089e-16
507 4.44089e-16
508 4.44089e-16
509 4.44089e-16
510 4.44089e-16
511 4.44089e-16
512 4.44089e-16
513 4.44089e-16
514 4.44089e-16
515 4.44089e-16
516 4.44089e-16
517 4.44089e-16
518 4.44089e-16
519 4.44089e-16
520 4.44089e-16
521 4.44089e-16
522 4.44089e-16
523 4.44089e-16
524 4.44089e-16
525 4.44089e-16
526 4.44089e-16
527 4.44089e-16
528 4.44089e-16
529 4.44089e-16
530 4.44089e-16
531 4.44089e-16
532 4.44089e-16
533 4.44089e-16
534 4.44089e-16
535 4.44089e-16
536 4.44089e-16
537 4.44089e-16
538 4.44089e-16
539 4.44089e-16
540 4.44089e-16
541 4.44089e-16
542 4.44089e-16
543 4.44089e-16
544 4.44089e-16
545 4.44089e-16
546 4.44089e-16
547 4.44089e-16
548 4.44089e-16
549 4.44089e-16
550 4.44089e-16
551 4.44089e-16
552 4.44089e-16
553 4.44089e-16
554 4.44089e-16
555 4.44089e-16
556 4.44089e-16
557 4.44089e-16
558 4.44089e-16
559 4.44089e-16
560 4.44089e-16
561 4.44089e-16
562 4.44089e-16
563 4.44089e-16
564 4.44089e-16
565 4.44089e-16
566 4.44089e-16
567 4.44089e-16
568 4.44089e-16
569 4.44089e-16
570 4.44089e-16
571 4.44089e-16
572 4.44089e-16
573 4.44089e-16
574 4.44089e-16
575 4.44089e-16
576 4.44089e-16
577 4.44089e-16
578 4.44089e-16
579 4.44089e-16
580 4.44089e-16
581 4.44089e-16
582 4.44089e-16
583 4.44089e-16
584 4.44089e-16
585 4.44089e-16
586 4.44089e-16
587 4.44089e-16
588 4.44089e-16
589 4.44089e-16
590 4.44089e-16
591 4.44089e-16
592 4.44089e-16
593 4.44089e-16
594 4.44089e-16
595 4.44089e-16
596 4.44089e-16
597 4.44089e-16
598 4.44089e-16
599 4.44089e-16
600 4.44089e-16
601 4.44089e-16
602 4.44089e-16
603 4.44089e-16
604 4.44089e-16
605 4.44089e-16
606 4.44089e-16
607 4.44089e-16
608 4.44089e-16
609 4.44089e-16
610 4.44089e-16
611 4.44089e-16
612 4.44089e-16
613 4.44089e-16
614 4.44089e-16
615 4.44089e-16
616 4.44089e-16
617 4.44089e-16
618 4.44089e-16
619 4.44089e-16
620 4.44089e-16
621 4.44089e-16
622 4.44089e-16
623 4.44089e-16
624 4.44089e-16
625 4.44089e-16
626 4.44089e-16
627 4.44089e-16
628 4.44089e-16
629 4.44089e-16
630 4.44089e-16
631 4.44089e-16
632 4.44089e-16
633 4.44089e-16
634 4.44089e-16
635 4.44089e-16
636 4.44089e-16
637 4.44089e-16
638 4.44089e-16
639 4.44089e-16
640 4.44089e-16
641 4.44089e-16
642 4.44089e-16
643 4.44089e-16
644 4.44089e-16
645 4.44089e-16
646 4.44089e-16
647 4.44089e-16
648 4.44089e-16
649 4.44089e-16
650 4.44089e-16
651 4.44089e-16
652 4.44089e-16
653 4.44089e-16
654 4.44089e-16
655 4.44089e-16
656 4.44089e-16
657 4.44089e-16
658 4.44089e-16
659 4.44089e-16
660 4.44089e-16
661 4.44089e-16
662 4.44089e-16
663 4.44089e-16
664 4.44089e-16
665 4.44089e-16
666 4.44089e-16
