0 8.41709
1 7.90988
2 7.90988
3 4.1458
4 4.1458
5 4.1458
6 4.1458
7 4.1458
8 1.99012
9 1.99012
10 1.99012
11 1.99012
12 1.99012
13 1.99012
14 1.99012
15 1.99012
16 1.99012
17 1.99012
18 1.99012
19 1.99012
20 1.99012
21 1.99012
22 1.99012
23 1.99012
24 1.99012
25 1.99012
26 1.99012
27 1.99012
28 1.99012
29 1.99012
30 1.99012
31 1.99012
32 1.99012
33 1.99012
34 1.99012
35 1.99012
36 1.99012
37 1.99012
38 1.99012
39 1.99012
40 1.99012
41 1.99012
42 1.99012
43 1.99012
44 1.99012
45 1.99012
46 1.99012
47 1.99012
48 1.62309
49 1.62309
50 1.62309
51 1.62309
52 1.62309
53 1.62309
54 1.62309
55 1.62309
56 1.62309
57 1.25618
58 1.25618
59 0.769534
60 0.769534
61 0.769534
62 0.769534
63 0.769534
64 0.112982
65 0.112982
66 0.112982
67 0.112982
68 0.112982
69 0.112982
70 0.112982
71 0.112982
72 0.112982
73 0.112982
74 0.112982
75 0.112982
76 0.112982
77 0.112982
78 0.112982
79 0.112982
80 0.112982
81 0.112982
82 0.0874138
83 0.0874138
84 0.0874138
85 0.0874138
86 0.0874138
87 0.0515523
88 0.0515523
89 0.0515523
90 0.0515523
91 0.0515523
92 0.0515523
93 0.0515523
94 0.0515523
95 0.0515523
96 0.0515523
97 0.0515523
98 0.0515523
99 0.0515523
100 0.0515523
101 0.0515523
102 0.0515523
103 0.0515523
104 0.0515523
105 0.0515523
106 0.0515523
107 0.0515523
108 0.0515523
109 0.0492352
110 0.0492352
111 0.0492352
112 0.0492352
113 0.0492352
114 0.0492352
115 0.0492352
116 0.0492352
117 0.0492352
118 0.0382327
119 0.0382327
120 0.0382327
121 0.0244024
122 0.0106584
123 0.0106584
124 0.0106584
125 0.00970049
126 0.00970049
127 0.00970049
128 0.0082917
129 0.00595058
130 0.00595058
131 0.00595058
132 0.00595058
133 0.00390788
134 0.00112004
135 0.0010994
136 0.0010994
137 0.0010994
138 0.000545597
139 0.000545597
140 0.000545597
141 0.000545597
142 0.000545597
143 0.000545597
144 0.000545597
145 0.000545597
146 0.000545597
147 0.000545597
148 0.000545597
149 0.000545597
150 0.000545597
151 0.000545597
152 0.000545597
153 0.000545597
154 0.000425289
155 0.000425289
156 0.000425289
157 0.000425289
158 0.000425289
159 0.000425289
160 0.000425289
161 0.000425289
162 0.000425289
163 0.000425289
164 0.000425289
165 0.000425289
166 0.000425289
167 0.000425289
168 0.000425289
169 0.000425289
170 0.000425289
171 0.000287348
172 0.000287348
173 0.000287348
174 0.000238737
175 0.000238737
176 0.000229083
177 0.000229083
178 0.000229083
179 0.000192124
180 0.000192124
181 0.000192124
182 0.000107487
183 0.000107487
184 0.000107487
185 0.000107487
186 0.000107487
187 0.000107487
188 0.000107487
189 0.000107487
190 0.000107487
191 0.000107487
192 0.000107487
193 0.000107487
194 0.000107487
195 0.000106116
196 0.000106116
197 0.000102969
198 5.54285e-05
199 5.54285e-05
200 5.54285e-05
201 5.54285e-05
202 4.33441e-05
203 3.1044e-05
204 2.18607e-05
205 1.50119e-05
206 9.91008e-06
207 6.11567e-06
208 3.30268e-06
209 1.25205e-06
210 5.79934e-07
211 5.79934e-07
212 3.60657e-07
213 3.60657e-07
214 3.60657e-07
215 3.60657e-07
216 3.60657e-07
217 3.60657e-07
218 3.60657e-07
219 3.60657e-07
220 3.60657e-07
221 3.60657e-07
222 3.60657e-07
223 3.60657e-07
224 3.60657e-07
225 3.60657e-07
226 3.60657e-07
227 3.60657e-07
228 3.60657e-07
229 3.60657e-07
230 3.60657e-07
231 3.60657e-07
232 3.60657e-07
233 3.60657e-07
234 3.60657e-07
235 3.60657e-07
236 3.08391e-07
237 3.08391e-07
238 3.08391e-07
239 3.08391e-07
240 3.08391e-07
241 3.08391e-07
242 3.08391e-07
243 3.08391e-07
244 3.08391e-07
245 2.99971e-07
246 2.99971e-07
247 2.9986e-07
248 2.9986e-07
249 2.94446e-07
250 7.40078e-08
251 7.40078e-08
252 7.40078e-08
253 7.40078e-08
254 7.40078e-08
255 3.35324e-08
256 3.35324e-08
257 3.35324e-08
258 3.35324e-08
259 3.35324e-08
260 3.35324e-08
261 3.35324e-08
262 3.35324e-08
263 3.35324e-08
264 3.35324e-08
265 2.22591e-08
266 2.22591e-08
267 2.10643e-08
268 2.10643e-08
269 2.10643e-08
270 2.10643e-08
271 1.93409e-08
272 1.93409e-08
273 4.12862e-09
274 3.00343e-09
275 7.66928e-10
276 7.66928e-10
277 7.66928e-10
278 7.66928e-10
279 7.66928e-10
280 7.66928e-10
281 7.66928e-10
282 7.66928e-10
283 7.66928e-10
284 7.66928e-10
285 2.67559e-10
286 2.67559e-10
287 2.67559e-10
288 2.67559e-10
289 2.67559e-10
290 2.67559e-10
291 2.67559e-10
292 2.67559e-10
293 2.67559e-10
294 2.67559e-10
295 2.33691e-10
296 4.64309e-11
297 4.64309e-11
298 4.64309e-11
299 4.64309e-11
300 4.64309e-11
301 4.64309e-11
302 4.64309e-11
303 4.64309e-11
304 4.64309e-11
305 4.64309e-11
306 4.64309e-11
307 4.1386e-11
308 2.23825e-11
309 2.23825e-11
310 2.23825e-11
311 2.23825e-11
312 2.0727e-11
313 1.90821e-11
314 1.82756e-11
315 1.78919e-11
316 1.77072e-11
317 1.76148e-11
318 1.75651e-11
319 1.75437e-11
320 1.75295e-11
321 1.75189e-11
322 1.75153e-11
323 1.75118e-11
324 1.75118e-11
325 1.75118e-11
326 1.75118e-11
327 1.42717e-11
328 1.38276e-11
329 7.58194e-12
330 4.95293e-12
331 2.55129e-12
332 2.55129e-12
333 1.93667e-12
334 1.93667e-12
335 1.54232e-12
336 1.54232e-12
337 1.54232e-12
338 1.54232e-12
339 1.54232e-12
340 1.54232e-12
341 5.51115e-13
342 5.51115e-13
343 3.0953e-13
344 3.0953e-13
345 3.0953e-13
346 3.0953e-13
347 1.31894e-13
348 1.31894e-13
349 1.31894e-13
350 1.31894e-13
351 1.31894e-13
352 1.31894e-13
353 1.31894e-13
354 1.14131e-13
355 9.28146e-14
356 8.57092e-14
357 8.57092e-14
358 8.57092e-14
359 8.57092e-14
360 8.57092e-14
361 8.21565e-14
362 8.21565e-14
363 8.21565e-14
364 3.59712e-14
365 3.59712e-14
366 2.17604e-14
367 2.17604e-14
368 2.17604e-14
369 2.17604e-14
370 2.17604e-14
371 1.46549e-14
372 1.46549e-14
373 7.54952e-15
374 7.54952e-15
375 7.54952e-15
376 3.9968e-15
377 3.9968e-15
378 3.9968e-15
379 3.9968e-15
380 3.9968e-15
381 3.9968e-15
382 3.9968e-15
383 3.9968e-15
384 3.9968e-15
385 3.9968e-15
386 4.44089e-16
387 4.44089e-16
388 4.44089e-16
389 4.44089e-16
390 4.44089e-16
391 4.44089e-16
392 4.44089e-16
393 4.44089e-16
394 4.44089e-16
395 4.44089e-16
396 4.44089e-16
397 4.44089e-16
398 4.44089e-16
399 4.44089e-16
400 4.44089e-16
401 4.44089e-16
402 4.44089e-16
403 4.44089e-16
404 4.44089e-16
405 4.44089e-16
406 4.44089e-16
407 4.44089e-16
408 4.44089e-16
409 4.44089e-16
410 4.44089e-16
411 4.44089e-16
412 4.44089e-16
413 4.44089e-16
414 4.44089e-16
415 4.44089e-16
416 4.44089e-16
417 4.44089e-16
418 4.44089e-16
419 4.44089e-16
420 4.44089e-16
421 4.44089e-16
422 4.44089e-16
423 4.44089e-16
424 4.44089e-16
425 4.44089e-16
426 4.44089e-16
427 4.44089e-16
428 4.44089e-16
429 4.44089e-16
430 4.44089e-16
431 4.44089e-16
432 4.44089e-16
433 4.44089e-16
434 4.44089e-16
435 4.44089e-16
436 4.44089e-16
437 4.44089e-16
438 4.44089e-16
439 4.44089e-16
440 4.44089e-16
441 4.44089e-16
442 4.44089e-16
443 4.44089e-16
444 4.44089e-16
445 4.44089e-16
446 4.44089e-16
447 4.44089e-16
448 4.44089e-16
449 4.44089e-16
450 4.44089e-16
451 4.44089e-16
452 4.44089e-16
453 4.44089e-16
454 4.44089e-16
455 4.44089e-16
456 4.44089e-16
457 4.44089e-16
458 4.44089e-16
459 4.44089e-16
460 4.44089e-16
461 4.44089e-16
462 4.44089e-16
463 4.44089e-16
464 4.44089e-16
465 4.44089e-16
466 4.44089e-16
467 4.44089e-16
468 4.44089e-16
469 4.44089e-16
470 4.44089e-16
471 4.44089e-16
472 4.44089e-16
473 4.44089e-16
474 4.44089e-16
475 4.44089e-16
476 4.44089e-16
477 4.44089e-16
478 4.44089e-16
479 4.44089e-16
480 4.44089e-16
481 4.44089e-16
482 4.44089e-16
483 4.44089e-16
484 4.44089e-16
485 4.44089e-16
486 4.44089e-16
487 4.44089e-16
488 4.44089e-16
489 4.44089e-16
490 4.44089e-16
491 4.44089e-16
492 4.44089e-16
493 4.44089e-16
494 4.44089e-16
495 4.44089e-16
496 4.44089e-16
497 4.44089e-16
498 4.44089e-16
499 4.44089e-16
500 4.44089e-16
501 4.44089e-16
502 4.44089e-16
503 4.44089e-16
504 4.44089e-16
505 4.44089e-16
506 4.44089e-16
507 4.44089e-16
508 4.44089e-16
509 4.44089e-16
510 4.44089e-16
511 4.44089e-16
512 4.44089e-16
513 4.44089e-16
514 4.44089e-16
515 4.44089e-16
516 4.44089e-16
517 4.44089e-16
518 4.44089e-16
519 4.44089e-16
520 4.44089e-16
521 4.44089e-16
522 4.44089e-16
523 4.44089e-16
524 4.44089e-16
525 4.44089e-16
526 4.44089e-16
527 4.44089e-16
528 4.44089e-16
529 4.44089e-16
530 4.44089e-16
531 4.44089e-16
532 4.44089e-16
533 4.44089e-16
534 4.44089e-16
535 4.44089e-16
536 4.44089e-16
537 4.44089e-16
538 4.44089e-16
539 4.44089e-16
540 4.44089e-16
541 4.44089e-16
542 4.44089e-16
543 4.44089e-16
544 4.44089e-16
545 4.44089e-16
546 4.44089e-16
547 4.44089e-16
548 4.44089e-16
549 4.44089e-16
550 4.44089e-16
551 4.44089e-16
552 4.44089e-16
553 4.44089e-16
554 4.44089e-16
555 4.44089e-16
556 4.44089e-16
557 4.44089e-16
558 4.44089e-16
559 4.44089e-16
560 4.44089e-16
561 4.44089e-16
562 4.44089e-16
563 4.44089e-16
564 4.44089e-16
565 4.44089e-16
566 4.44089e-16
567 4.44089e-16
568 4.44089e-16
569 4.44089e-16
570 4.44089e-16
571 4.44089e-16
572 4.44089e-16
573 4.44089e-16
574 4.44089e-16
575 4.44089e-16
576 4.44089e-16
577 4.44089e-16
578 4.44089e-16
579 4.44089e-16
580 4.44089e-16
581 4.44089e-16
582 4.44089e-16
583 4.44089e-16
584 4.44089e-16
585 4.44089e-16
586 4.44089e-16
587 4.44089e-16
588 4.44089e-16
589 4.44089e-16
590 4.44089e-16
591 4.44089e-16
592 4.44089e-16
593 4.44089e-16
594 4.44089e-16
595 4.44089e-16
596 4.44089e-16
597 4.44089e-16
598 4.44089e-16
599 4.44089e-16
600 4.44089e-16
601 4.44089e-16
602 4.44089e-16
603 4.44089e-16
604 4.44089e-16
605 4.44089e-16
606 4.44089e-16
607 4.44089e-16
608 4.44089e-16
609 4.44089e-16
610 4.44089e-16
611 4.44089e-16
612 4.44089e-16
613 4.44089e-16
614 4.44089e-16
615 4.44089e-16
616 4.44089e-16
617 4.44089e-16
618 4.44089e-16
619 4.44089e-16
620 4.44089e-16
621 4.44089e-16
622 4.44089e-16
623 4.44089e-16
624 4.44089e-16
625 4.44089e-16
626 4.44089e-16
627 4.44089e-16
628 4.44089e-16
629 4.44089e-16
630 4.44089e-16
631 4.44089e-16
632 4.44089e-16
633 4.44089e-16
634 4.44089e-16
635 4.44089e-16
636 4.44089e-16
637 4.44089e-16
638 4.44089e-16
639 4.44089e-16
640 4.44089e-16
641 4.44089e-16
642 4.44089e-16
643 4.44089e-16
644 4.44089e-16
645 4.44089e-16
646 4.44089e-16
647 4.44089e-16
648 4.44089e-16
649 4.44089e-16
650 4.44089e-16
651 4.44089e-16
652 4.44089e-16
653 4.44089e-16
654 4.44089e-16
655 4.44089e-16
656 4.44089e-16
657 4.44089e-16
658 4.44089e-16
659 4.44089e-16
660 4.44089e-16
661 4.44089e-16
662 4.44089e-16
663 4.44089e-16
664 4.44089e-16
665 4.44089e-16
666 4.44089e-16
