0 2.89992
1 2.89992
2 2.89992
3 2.89992
4 2.89992
5 2.89992
6 2.89992
7 2.89992
8 2.89992
9 2.89992
10 2.89992
11 2.89992
12 1.52712
13 1.52712
14 1.52712
15 1.52712
16 1.52712
17 1.52712
18 1.52712
19 1.52712
20 1.52712
21 1.52712
22 1.52712
23 1.52712
24 1.52712
25 1.52712
26 1.52712
27 1.52712
28 1.52712
29 1.52712
30 1.52712
31 1.52712
32 1.52712
33 1.52712
34 1.52712
35 1.52712
36 1.18643
37 0.783945
38 0.783945
39 0.783945
40 0.718437
41 0.718437
42 0.718437
43 0.16968
44 0.16968
45 0.16968
46 0.16968
47 0.16968
48 0.16968
49 0.16968
50 0.16968
51 0.16968
52 0.16968
53 0.16968
54 0.16968
55 0.16968
56 0.16968
57 0.16968
58 0.16968
59 0.16968
60 0.16968
61 0.16968
62 0.16968
63 0.16968
64 0.16968
65 0.16968
66 0.16968
67 0.16968
68 0.16968
69 0.16968
70 0.16968
71 0.16968
72 0.16968
73 0.16968
74 0.16968
75 0.16968
76 0.16968
77 0.16968
78 0.147476
79 0.147476
80 0.147476
81 0.147476
82 0.116426
83 0.116426
84 0.116426
85 0.116426
86 0.0658184
87 0.033838
88 0.033838
89 0.033838
90 0.033838
91 0.033838
92 0.033838
93 0.033838
94 0.0111016
95 0.0111016
96 0.0111016
97 0.0111016
98 0.0111016
99 0.0111016
100 0.0111016
101 0.0111016
102 0.0111016
103 0.010758
104 0.010758
105 0.010758
106 0.010758
107 0.010758
108 0.010758
109 0.010758
110 0.010758
111 0.010758
112 0.010758
113 0.010758
114 0.010758
115 0.010758
116 0.00993956
117 0.00993956
118 0.00993956
119 0.00993956
120 0.00993956
121 0.00993956
122 0.00993956
123 0.00993956
124 0.00993956
125 0.00993956
126 0.00993956
127 0.00993956
128 0.00993956
129 0.00993956
130 0.00993956
131 0.00993956
132 0.00993956
133 0.00993956
134 0.00993956
135 0.00819113
136 0.00819113
137 0.00279452
138 0.00279452
139 0.00279452
140 0.00279452
141 0.00279452
142 0.00279452
143 0.00279452
144 0.00279452
145 0.000996404
146 0.000996404
147 0.000996404
148 0.000996404
149 0.000996404
150 0.000996404
151 0.000996404
152 0.000565571
153 0.000565571
154 0.000565571
155 0.000565571
156 0.000565571
157 0.000565571
158 0.000565571
159 0.000565571
160 0.000565571
161 0.000565571
162 0.000565571
163 0.000419489
164 0.000419489
165 0.000419489
166 0.000419489
167 0.000419489
168 0.000419489
169 0.000419489
170 0.000419489
171 0.000419489
172 0.000419489
173 0.000419489
174 0.000419489
175 0.000353308
176 0.000353308
177 0.000267798
178 0.000267798
179 0.000267798
180 0.000267798
181 0.000267798
182 0.000239248
183 0.000239248
184 0.000239248
185 0.000239248
186 0.000239248
187 0.000204986
188 0.000204986
189 0.000204986
190 0.000204986
191 0.000204986
192 0.000149605
193 0.000149605
194 0.000126175
195 0.000126175
196 9.58023e-05
197 9.58023e-05
198 9.58023e-05
199 9.58023e-05
200 9.58023e-05
201 9.58023e-05
202 9.58023e-05
203 9.58023e-05
204 9.58023e-05
205 9.18385e-05
206 5.46269e-05
207 2.19811e-05
208 2.19811e-05
209 2.19811e-05
210 2.19811e-05
211 9.39464e-06
212 9.39464e-06
213 4.34614e-06
214 4.34614e-06
215 4.34614e-06
216 4.34614e-06
217 4.34614e-06
218 4.34614e-06
219 4.34614e-06
220 4.34614e-06
221 4.34614e-06
222 4.34614e-06
223 4.34614e-06
224 4.34614e-06
225 4.34614e-06
226 4.34614e-06
227 4.34614e-06
228 3.63154e-06
229 3.42804e-06
230 2.41845e-06
231 2.41845e-06
232 2.41845e-06
233 2.41845e-06
234 2.41845e-06
235 1.36337e-06
236 1.36337e-06
237 1.36337e-06
238 9.10226e-07
239 9.10226e-07
240 9.10226e-07
241 9.10226e-07
242 5.2599e-07
243 5.2599e-07
244 3.67153e-07
245 3.67153e-07
246 3.67153e-07
247 3.67153e-07
248 3.67153e-07
249 3.67153e-07
250 3.12774e-07
251 3.12774e-07
252 1.0997e-07
253 1.0997e-07
254 1.0997e-07
255 1.0997e-07
256 1.0997e-07
257 1.0997e-07
258 1.0997e-07
259 1.0997e-07
260 1.0997e-07
261 9.97766e-08
262 9.97766e-08
263 9.64094e-08
264 8.57812e-08
265 8.57812e-08
266 8.57812e-08
267 7.32277e-08
268 7.32277e-08
269 7.32277e-08
270 7.32277e-08
271 7.32277e-08
272 7.32277e-08
273 7.32277e-08
274 7.24305e-08
275 7.24305e-08
276 7.21019e-08
277 7.21019e-08
278 2.68295e-08
279 2.68295e-08
280 2.68295e-08
281 2.68295e-08
282 2.68295e-08
283 2.68295e-08
284 1.66696e-08
285 9.32646e-09
286 9.32646e-09
287 9.32646e-09
288 9.32646e-09
289 8.11601e-09
290 8.11601e-09
291 8.11601e-09
292 6.86245e-09
293 6.86245e-09
294 6.86245e-09
295 6.33958e-09
296 6.33958e-09
297 6.33958e-09
298 6.33958e-09
299 6.33958e-09
300 6.33958e-09
301 6.29673e-09
302 6.29673e-09
303 6.29673e-09
304 5.8588e-09
305 5.78087e-09
306 4.88206e-09
307 4.88206e-09
308 3.78971e-09
309 8.59704e-10
310 8.59704e-10
311 8.59704e-10
312 8.59704e-10
313 8.59704e-10
314 8.59704e-10
315 8.59704e-10
316 8.59704e-10
317 8.59704e-10
318 2.06292e-10
319 2.06292e-10
320 1.35984e-10
321 1.35984e-10
322 1.35984e-10
323 1.35984e-10
324 9.19944e-11
325 9.19944e-11
326 4.08069e-11
327 4.08069e-11
328 4.08069e-11
329 4.08069e-11
330 4.08069e-11
331 3.80536e-11
332 3.80536e-11
333 1.7899e-11
334 1.7899e-11
335 1.36677e-11
336 7.29772e-12
337 7.29772e-12
338 5.33307e-12
339 5.33307e-12
340 5.33307e-12
341 5.33307e-12
342 1.91536e-12
343 1.91536e-12
344 1.47837e-12
345 1.47837e-12
346 1.47837e-12
347 1.47837e-12
348 1.05205e-12
349 1.00231e-12
350 1.00231e-12
351 1.00231e-12
352 1.00231e-12
353 2.20712e-13
354 2.20712e-13
355 2.20712e-13
356 2.20712e-13
357 2.20712e-13
358 2.20712e-13
359 2.13607e-13
360 6.79456e-14
361 6.79456e-14
362 6.79456e-14
363 6.79456e-14
364 6.79456e-14
365 6.79456e-14
366 4.30767e-14
367 4.30767e-14
368 4.30767e-14
369 2.17604e-14
370 2.17604e-14
371 2.17604e-14
372 2.17604e-14
373 1.46549e-14
374 1.46549e-14
375 1.46549e-14
376 1.46549e-14
377 1.46549e-14
378 1.46549e-14
379 1.46549e-14
380 1.46549e-14
381 7.54952e-15
382 7.54952e-15
383 3.9968e-15
384 3.9968e-15
385 3.9968e-15
386 3.9968e-15
387 3.9968e-15
388 3.9968e-15
389 3.9968e-15
390 3.9968e-15
391 4.44089e-16
392 4.44089e-16
393 4.44089e-16
394 4.44089e-16
395 4.44089e-16
396 4.44089e-16
397 4.44089e-16
398 4.44089e-16
399 4.44089e-16
400 4.44089e-16
401 4.44089e-16
402 4.44089e-16
403 4.44089e-16
404 4.44089e-16
405 4.44089e-16
406 4.44089e-16
407 4.44089e-16
408 4.44089e-16
409 4.44089e-16
410 4.44089e-16
411 4.44089e-16
412 4.44089e-16
413 4.44089e-16
414 4.44089e-16
415 4.44089e-16
416 4.44089e-16
417 4.44089e-16
418 4.44089e-16
419 4.44089e-16
420 4.44089e-16
421 4.44089e-16
422 4.44089e-16
423 4.44089e-16
424 4.44089e-16
425 4.44089e-16
426 4.44089e-16
427 4.44089e-16
428 4.44089e-16
429 4.44089e-16
430 4.44089e-16
431 4.44089e-16
432 4.44089e-16
433 4.44089e-16
434 4.44089e-16
435 4.44089e-16
436 4.44089e-16
437 4.44089e-16
438 4.44089e-16
439 4.44089e-16
440 4.44089e-16
441 4.44089e-16
442 4.44089e-16
443 4.44089e-16
444 4.44089e-16
445 4.44089e-16
446 4.44089e-16
447 4.44089e-16
448 4.44089e-16
449 4.44089e-16
450 4.44089e-16
451 4.44089e-16
452 4.44089e-16
453 4.44089e-16
454 4.44089e-16
455 4.44089e-16
456 4.44089e-16
457 4.44089e-16
458 4.44089e-16
459 4.44089e-16
460 4.44089e-16
461 4.44089e-16
462 4.44089e-16
463 4.44089e-16
464 4.44089e-16
465 4.44089e-16
466 4.44089e-16
467 4.44089e-16
468 4.44089e-16
469 4.44089e-16
470 4.44089e-16
471 4.44089e-16
472 4.44089e-16
473 4.44089e-16
474 4.44089e-16
475 4.44089e-16
476 4.44089e-16
477 4.44089e-16
478 4.44089e-16
479 4.44089e-16
480 4.44089e-16
481 4.44089e-16
482 4.44089e-16
483 4.44089e-16
484 4.44089e-16
485 4.44089e-16
486 4.44089e-16
487 4.44089e-16
488 4.44089e-16
489 4.44089e-16
490 4.44089e-16
491 4.44089e-16
492 4.44089e-16
493 4.44089e-16
494 4.44089e-16
495 4.44089e-16
496 4.44089e-16
497 4.44089e-16
498 4.44089e-16
499 4.44089e-16
500 4.44089e-16
501 4.44089e-16
502 4.44089e-16
503 4.44089e-16
504 4.44089e-16
505 4.44089e-16
506 4.44089e-16
507 4.44089e-16
508 4.44089e-16
509 4.44089e-16
510 4.44089e-16
511 4.44089e-16
512 4.44089e-16
513 4.44089e-16
514 4.44089e-16
515 4.44089e-16
516 4.44089e-16
517 4.44089e-16
518 4.44089e-16
519 4.44089e-16
520 4.44089e-16
521 4.44089e-16
522 4.44089e-16
523 4.44089e-16
524 4.44089e-16
525 4.44089e-16
526 4.44089e-16
527 4.44089e-16
528 4.44089e-16
529 4.44089e-16
530 4.44089e-16
531 4.44089e-16
532 4.44089e-16
533 4.44089e-16
534 4.44089e-16
535 4.44089e-16
536 4.44089e-16
537 4.44089e-16
538 4.44089e-16
539 4.44089e-16
540 4.44089e-16
541 4.44089e-16
542 4.44089e-16
543 4.44089e-16
544 4.44089e-16
545 4.44089e-16
546 4.44089e-16
547 4.44089e-16
548 4.44089e-16
549 4.44089e-16
550 4.44089e-16
551 4.44089e-16
552 4.44089e-16
553 4.44089e-16
554 4.44089e-16
555 4.44089e-16
556 4.44089e-16
557 4.44089e-16
558 4.44089e-16
559 4.44089e-16
560 4.44089e-16
561 4.44089e-16
562 4.44089e-16
563 4.44089e-16
564 4.44089e-16
565 4.44089e-16
566 4.44089e-16
567 4.44089e-16
568 4.44089e-16
569 4.44089e-16
570 4.44089e-16
571 4.44089e-16
572 4.44089e-16
573 4.44089e-16
574 4.44089e-16
575 4.44089e-16
576 4.44089e-16
577 4.44089e-16
578 4.44089e-16
579 4.44089e-16
580 4.44089e-16
581 4.44089e-16
582 4.44089e-16
583 4.44089e-16
584 4.44089e-16
585 4.44089e-16
586 4.44089e-16
587 4.44089e-16
588 4.44089e-16
589 4.44089e-16
590 4.44089e-16
591 4.44089e-16
592 4.44089e-16
593 4.44089e-16
594 4.44089e-16
595 4.44089e-16
596 4.44089e-16
597 4.44089e-16
598 4.44089e-16
599 4.44089e-16
600 4.44089e-16
601 4.44089e-16
602 4.44089e-16
603 4.44089e-16
604 4.44089e-16
605 4.44089e-16
606 4.44089e-16
607 4.44089e-16
608 4.44089e-16
609 4.44089e-16
610 4.44089e-16
611 4.44089e-16
612 4.44089e-16
613 4.44089e-16
614 4.44089e-16
615 4.44089e-16
616 4.44089e-16
617 4.44089e-16
618 4.44089e-16
619 4.44089e-16
620 4.44089e-16
621 4.44089e-16
622 4.44089e-16
623 4.44089e-16
624 4.44089e-16
625 4.44089e-16
626 4.44089e-16
627 4.44089e-16
628 4.44089e-16
629 4.44089e-16
630 4.44089e-16
631 4.44089e-16
632 4.44089e-16
633 4.44089e-16
634 4.44089e-16
635 4.44089e-16
636 4.44089e-16
637 4.44089e-16
638 4.44089e-16
639 4.44089e-16
640 4.44089e-16
641 4.44089e-16
642 4.44089e-16
643 4.44089e-16
644 4.44089e-16
645 4.44089e-16
646 4.44089e-16
647 4.44089e-16
648 4.44089e-16
649 4.44089e-16
650 4.44089e-16
651 4.44089e-16
652 4.44089e-16
653 4.44089e-16
654 4.44089e-16
655 4.44089e-16
656 4.44089e-16
657 4.44089e-16
658 4.44089e-16
659 4.44089e-16
660 4.44089e-16
661 4.44089e-16
662 4.44089e-16
663 4.44089e-16
664 4.44089e-16
665 4.44089e-16
666 4.44089e-16
