0 5.12887
1 5.12887
2 5.12887
3 5.12887
4 5.12887
5 5.12887
6 5.12887
7 3.23429
8 3.23429
9 3.23429
10 3.23429
11 3.23429
12 3.23429
13 3.23274
14 3.23274
15 2.62452
16 2.62452
17 2.62452
18 2.62452
19 2.47334
20 2.47334
21 2.47334
22 2.20817
23 2.20817
24 2.20817
25 2.20817
26 2.20817
27 2.20817
28 2.20817
29 2.20817
30 2.20817
31 2.20817
32 0.38723
33 0.38723
34 0.38723
35 0.38723
36 0.38723
37 0.38723
38 0.38723
39 0.38723
40 0.38723
41 0.38723
42 0.38723
43 0.38723
44 0.38723
45 0.38723
46 0.38723
47 0.38723
48 0.38723
49 0.38723
50 0.264108
51 0.264108
52 0.264108
53 0.264108
54 0.264108
55 0.264108
56 0.264108
57 0.264108
58 0.264108
59 0.264108
60 0.264108
61 0.264108
62 0.264108
63 0.264108
64 0.264108
65 0.264108
66 0.264108
67 0.264108
68 0.264108
69 0.120608
70 0.120608
71 0.0843476
72 0.0843476
73 0.0843476
74 0.0843476
75 0.0843476
76 0.0843476
77 0.0843476
78 0.0843476
79 0.0843476
80 0.0843476
81 0.0529315
82 0.0529315
83 0.0529315
84 0.0529315
85 0.036959
86 0.036959
87 0.036959
88 0.036959
89 0.036959
90 0.036959
91 0.0248848
92 0.0248848
93 0.0248848
94 0.0248848
95 0.0248848
96 0.0211606
97 0.0128856
98 0.00809038
99 0.00809038
100 0.00809038
101 0.00809038
102 0.00809038
103 0.00809038
104 0.00809038
105 0.00809038
106 0.00809038
107 0.00809038
108 0.00359753
109 0.00359753
110 0.00359753
111 0.00359753
112 0.00359753
113 0.00359753
114 0.00359753
115 0.00359753
116 0.00359753
117 0.00359753
118 0.00359753
119 0.00359753
120 0.00359753
121 0.00359753
122 0.00359753
123 0.00359753
124 0.00359753
125 0.00359753
126 0.00316406
127 0.00316406
128 0.00316406
129 0.00316406
130 0.00316406
131 0.00316406
132 0.00316406
133 0.00316406
134 0.00160637
135 0.00160637
136 0.00160637
137 0.00160637
138 0.00160637
139 0.00160637
140 0.00160637
141 0.00160637
142 0.00160637
143 0.00160637
144 0.00160637
145 0.00160637
146 0.00160637
147 0.00107569
148 0.00107569
149 0.00107569
150 0.00107569
151 0.000989951
152 0.000236507
153 0.000236507
154 0.000236507
155 0.000236507
156 0.000236507
157 0.000236507
158 8.61004e-05
159 8.61004e-05
160 8.61004e-05
161 8.61004e-05
162 8.61004e-05
163 8.61004e-05
164 8.61004e-05
165 8.61004e-05
166 8.61004e-05
167 8.61004e-05
168 8.61004e-05
169 8.61004e-05
170 8.61004e-05
171 4.4768e-05
172 4.4768e-05
173 4.4768e-05
174 4.4768e-05
175 4.4768e-05
176 3.74097e-05
177 3.74097e-05
178 2.61732e-05
179 2.61732e-05
180 2.61732e-05
181 2.61732e-05
182 2.61732e-05
183 2.47917e-05
184 2.47917e-05
185 2.46311e-05
186 2.46311e-05
187 2.46311e-05
188 2.46311e-05
189 2.46311e-05
190 2.46311e-05
191 2.46311e-05
192 2.46311e-05
193 2.46311e-05
194 2.46311e-05
195 2.46311e-05
196 2.46311e-05
197 2.46311e-05
198 2.44515e-05
199 2.15386e-05
200 2.15386e-05
201 2.15386e-05
202 2.15386e-05
203 2.15386e-05
204 2.06786e-05
205 2.05604e-05
206 2.05604e-05
207 1.91595e-05
208 1.81134e-05
209 1.76566e-05
210 1.75096e-05
211 1.75096e-05
212 1.75096e-05
213 1.74298e-05
214 1.73659e-05
215 1.73406e-05
216 1.65172e-05
217 5.2518e-06
218 5.2518e-06
219 5.2518e-06
220 5.2518e-06
221 5.2518e-06
222 1.91621e-06
223 1.91621e-06
224 1.91621e-06
225 1.91621e-06
226 1.80412e-06
227 1.80412e-06
228 8.91131e-07
229 7.9915e-07
230 7.9915e-07
231 7.9915e-07
232 7.9915e-07
233 7.9915e-07
234 7.9915e-07
235 7.9915e-07
236 7.9915e-07
237 7.9915e-07
238 7.9915e-07
239 7.9915e-07
240 7.9915e-07
241 7.9915e-07
242 7.9915e-07
243 7.9915e-07
244 7.9915e-07
245 7.9915e-07
246 2.13179e-07
247 2.13179e-07
248 2.13179e-07
249 2.13179e-07
250 2.13179e-07
251 2.13179e-07
252 2.13179e-07
253 2.13179e-07
254 2.13179e-07
255 1.0293e-07
256 1.0293e-07
257 1.0293e-07
258 1.0293e-07
259 1.0293e-07
260 3.97065e-08
261 3.97065e-08
262 3.97065e-08
263 3.97065e-08
264 3.97065e-08
265 3.97065e-08
266 3.97065e-08
267 3.97065e-08
268 3.58413e-08
269 3.58413e-08
270 3.58413e-08
271 3.02654e-08
272 3.02654e-08
273 3.02654e-08
274 3.02654e-08
275 1.24142e-08
276 1.24142e-08
277 1.24142e-08
278 1.24142e-08
279 9.40079e-09
280 8.41362e-09
281 8.41362e-09
282 8.34053e-09
283 8.34053e-09
284 8.34053e-09
285 8.34053e-09
286 8.27684e-09
287 8.27684e-09
288 8.27684e-09
289 8.27684e-09
290 8.27684e-09
291 8.27684e-09
292 7.72834e-09
293 7.56331e-09
294 2.82328e-09
295 1.46127e-09
296 1.46127e-09
297 1.46127e-09
298 1.46127e-09
299 4.33613e-10
300 4.33613e-10
301 4.33613e-10
302 4.33613e-10
303 4.33613e-10
304 4.33613e-10
305 4.03248e-10
306 1.81363e-10
307 1.38428e-10
308 1.38428e-10
309 1.38428e-10
310 1.38428e-10
311 1.38428e-10
312 1.38428e-10
313 1.33135e-10
314 5.31597e-11
315 5.31597e-11
316 5.31597e-11
317 5.31597e-11
318 4.8463e-11
319 3.4643e-11
320 3.35025e-11
321 3.35025e-11
322 2.71823e-11
323 2.71823e-11
324 2.05138e-11
325 1.19766e-11
326 2.55485e-12
327 2.55485e-12
328 2.55485e-12
329 2.55485e-12
330 2.55485e-12
331 2.55485e-12
332 2.55485e-12
333 2.55485e-12
334 2.55485e-12
335 2.55485e-12
336 2.55485e-12
337 2.55485e-12
338 2.55485e-12
339 2.55485e-12
340 2.55485e-12
341 2.55485e-12
342 2.55485e-12
343 5.973e-13
344 5.973e-13
345 5.973e-13
346 5.973e-13
347 5.973e-13
348 5.973e-13
349 5.973e-13
350 5.973e-13
351 5.973e-13
352 5.973e-13
353 2.81108e-13
354 2.81108e-13
355 2.81108e-13
356 2.38476e-13
357 2.38476e-13
358 3.95239e-14
359 3.95239e-14
360 3.95239e-14
361 3.95239e-14
362 3.95239e-14
363 3.24185e-14
364 3.24185e-14
365 3.24185e-14
366 3.24185e-14
367 3.24185e-14
368 3.24185e-14
369 3.24185e-14
370 3.24185e-14
371 2.88658e-14
372 2.88658e-14
373 2.88658e-14
374 2.88658e-14
375 2.53131e-14
376 2.53131e-14
377 2.17604e-14
378 2.17604e-14
379 2.17604e-14
380 2.17604e-14
381 2.17604e-14
382 2.17604e-14
383 1.46549e-14
384 1.11022e-14
385 7.54952e-15
386 3.9968e-15
387 3.9968e-15
388 3.9968e-15
389 3.9968e-15
390 3.9968e-15
391 3.9968e-15
392 3.9968e-15
393 3.9968e-15
394 3.9968e-15
395 3.9968e-15
396 3.9968e-15
397 3.9968e-15
398 3.9968e-15
399 3.9968e-15
400 4.44089e-16
401 4.44089e-16
402 4.44089e-16
403 4.44089e-16
404 4.44089e-16
405 4.44089e-16
406 4.44089e-16
407 4.44089e-16
408 4.44089e-16
409 4.44089e-16
410 4.44089e-16
411 4.44089e-16
412 4.44089e-16
413 4.44089e-16
414 4.44089e-16
415 4.44089e-16
416 4.44089e-16
417 4.44089e-16
418 4.44089e-16
419 4.44089e-16
420 4.44089e-16
421 4.44089e-16
422 4.44089e-16
423 4.44089e-16
424 4.44089e-16
425 4.44089e-16
426 4.44089e-16
427 4.44089e-16
428 4.44089e-16
429 4.44089e-16
430 4.44089e-16
431 4.44089e-16
432 4.44089e-16
433 4.44089e-16
434 4.44089e-16
435 4.44089e-16
436 4.44089e-16
437 4.44089e-16
438 4.44089e-16
439 4.44089e-16
440 4.44089e-16
441 4.44089e-16
442 4.44089e-16
443 4.44089e-16
444 4.44089e-16
445 4.44089e-16
446 4.44089e-16
447 4.44089e-16
448 4.44089e-16
449 4.44089e-16
450 4.44089e-16
451 4.44089e-16
452 4.44089e-16
453 4.44089e-16
454 4.44089e-16
455 4.44089e-16
456 4.44089e-16
457 4.44089e-16
458 4.44089e-16
459 4.44089e-16
460 4.44089e-16
461 4.44089e-16
462 4.44089e-16
463 4.44089e-16
464 4.44089e-16
465 4.44089e-16
466 4.44089e-16
467 4.44089e-16
468 4.44089e-16
469 4.44089e-16
470 4.44089e-16
471 4.44089e-16
472 4.44089e-16
473 4.44089e-16
474 4.44089e-16
475 4.44089e-16
476 4.44089e-16
477 4.44089e-16
478 4.44089e-16
479 4.44089e-16
480 4.44089e-16
481 4.44089e-16
482 4.44089e-16
483 4.44089e-16
484 4.44089e-16
485 4.44089e-16
486 4.44089e-16
487 4.44089e-16
488 4.44089e-16
489 4.44089e-16
490 4.44089e-16
491 4.44089e-16
492 4.44089e-16
493 4.44089e-16
494 4.44089e-16
495 4.44089e-16
496 4.44089e-16
497 4.44089e-16
498 4.44089e-16
499 4.44089e-16
500 4.44089e-16
501 4.44089e-16
502 4.44089e-16
503 4.44089e-16
504 4.44089e-16
505 4.44089e-16
506 4.44089e-16
507 4.44089e-16
508 4.44089e-16
509 4.44089e-16
510 4.44089e-16
511 4.44089e-16
512 4.44089e-16
513 4.44089e-16
514 4.44089e-16
515 4.44089e-16
516 4.44089e-16
517 4.44089e-16
518 4.44089e-16
519 4.44089e-16
520 4.44089e-16
521 4.44089e-16
522 4.44089e-16
523 4.44089e-16
524 4.44089e-16
525 4.44089e-16
526 4.44089e-16
527 4.44089e-16
528 4.44089e-16
529 4.44089e-16
530 4.44089e-16
531 4.44089e-16
532 4.44089e-16
533 4.44089e-16
534 4.44089e-16
535 4.44089e-16
536 4.44089e-16
537 4.44089e-16
538 4.44089e-16
539 4.44089e-16
540 4.44089e-16
541 4.44089e-16
542 4.44089e-16
543 4.44089e-16
544 4.44089e-16
545 4.44089e-16
546 4.44089e-16
547 4.44089e-16
548 4.44089e-16
549 4.44089e-16
550 4.44089e-16
551 4.44089e-16
552 4.44089e-16
553 4.44089e-16
554 4.44089e-16
555 4.44089e-16
556 4.44089e-16
557 4.44089e-16
558 4.44089e-16
559 4.44089e-16
560 4.44089e-16
561 4.44089e-16
562 4.44089e-16
563 4.44089e-16
564 4.44089e-16
565 4.44089e-16
566 4.44089e-16
567 4.44089e-16
568 4.44089e-16
569 4.44089e-16
570 4.44089e-16
571 4.44089e-16
572 4.44089e-16
573 4.44089e-16
574 4.44089e-16
575 4.44089e-16
576 4.44089e-16
577 4.44089e-16
578 4.44089e-16
579 4.44089e-16
580 4.44089e-16
581 4.44089e-16
582 4.44089e-16
583 4.44089e-16
584 4.44089e-16
585 4.44089e-16
586 4.44089e-16
587 4.44089e-16
588 4.44089e-16
589 4.44089e-16
590 4.44089e-16
591 4.44089e-16
592 4.44089e-16
593 4.44089e-16
594 4.44089e-16
595 4.44089e-16
596 4.44089e-16
597 4.44089e-16
598 4.44089e-16
599 4.44089e-16
600 4.44089e-16
601 4.44089e-16
602 4.44089e-16
603 4.44089e-16
604 4.44089e-16
605 4.44089e-16
606 4.44089e-16
607 4.44089e-16
608 4.44089e-16
609 4.44089e-16
610 4.44089e-16
611 4.44089e-16
612 4.44089e-16
613 4.44089e-16
614 4.44089e-16
615 4.44089e-16
616 4.44089e-16
617 4.44089e-16
618 4.44089e-16
619 4.44089e-16
620 4.44089e-16
621 4.44089e-16
622 4.44089e-16
623 4.44089e-16
624 4.44089e-16
625 4.44089e-16
626 4.44089e-16
627 4.44089e-16
628 4.44089e-16
629 4.44089e-16
630 4.44089e-16
631 4.44089e-16
632 4.44089e-16
633 4.44089e-16
634 4.44089e-16
635 4.44089e-16
636 4.44089e-16
637 4.44089e-16
638 4.44089e-16
639 4.44089e-16
640 4.44089e-16
641 4.44089e-16
642 4.44089e-16
643 4.44089e-16
644 4.44089e-16
645 4.44089e-16
646 4.44089e-16
647 4.44089e-16
648 4.44089e-16
649 4.44089e-16
650 4.44089e-16
651 4.44089e-16
652 4.44089e-16
653 4.44089e-16
654 4.44089e-16
655 4.44089e-16
656 4.44089e-16
657 4.44089e-16
658 4.44089e-16
659 4.44089e-16
660 4.44089e-16
661 4.44089e-16
662 4.44089e-16
663 4.44089e-16
664 4.44089e-16
665 4.44089e-16
666 4.44089e-16
