0 13.1891
1 12.1485
2 7.47366
3 7.22724
4 7.22724
5 7.22724
6 7.22724
7 6.43925
8 6.43925
9 6.43925
10 2.55444
11 2.55444
12 2.55444
13 2.55444
14 2.55444
15 2.55444
16 2.55444
17 2.55444
18 2.55444
19 2.55444
20 2.55444
21 2.55444
22 2.55444
23 2.55444
24 2.55444
25 2.55444
26 2.55444
27 2.55444
28 2.55444
29 2.55444
30 0.660914
31 0.660914
32 0.660914
33 0.660914
34 0.660914
35 0.660914
36 0.400513
37 0.400513
38 0.400513
39 0.112128
40 0.112128
41 0.112128
42 0.112128
43 0.112128
44 0.112128
45 0.112128
46 0.112128
47 0.112128
48 0.112128
49 0.112128
50 0.112128
51 0.112128
52 0.112128
53 0.112128
54 0.112128
55 0.112128
56 0.112128
57 0.0861742
58 0.0861742
59 0.0861742
60 0.0861742
61 0.0861742
62 0.0861742
63 0.0861742
64 0.0861742
65 0.0861742
66 0.0861742
67 0.0861742
68 0.0861742
69 0.0861742
70 0.0861742
71 0.0861742
72 0.0861742
73 0.0861742
74 0.0861742
75 0.0861742
76 0.0861742
77 0.0861742
78 0.0861742
79 0.0861742
80 0.0861742
81 0.0861742
82 0.0861742
83 0.0861742
84 0.0861742
85 0.0861742
86 0.0861742
87 0.0861742
88 0.0861742
89 0.0861742
90 0.0861742
91 0.0861742
92 0.0861742
93 0.0861742
94 0.0861742
95 0.0861742
96 0.0780269
97 0.0274661
98 0.0274661
99 0.0274661
100 0.0274661
101 0.0274661
102 0.0274661
103 0.0189169
104 0.0189169
105 0.0189169
106 0.0189169
107 0.0189169
108 0.0168112
109 0.0168112
110 0.0156503
111 0.0156503
112 0.0156503
113 0.0156503
114 0.0156503
115 0.00702451
116 0.00702451
117 0.00702451
118 0.00702451
119 0.00702451
120 0.00702451
121 0.00702451
122 0.00702451
123 0.00631763
124 0.00631763
125 0.00631763
126 0.00528536
127 0.0044814
128 0.0044814
129 0.00322692
130 0.00322692
131 0.00322692
132 0.00322692
133 0.00322692
134 0.00247779
135 0.00247779
136 0.00147958
137 0.00147958
138 0.00147958
139 0.000936423
140 0.000936423
141 0.000936423
142 0.000936423
143 0.000936423
144 0.000936423
145 0.000936423
146 0.000936423
147 0.000936423
148 0.000936423
149 0.000936423
150 0.000936423
151 0.000936423
152 0.000936423
153 0.000936423
154 0.000936423
155 0.000936423
156 0.000936423
157 0.000936423
158 0.000635393
159 0.000635393
160 0.000574808
161 0.000574808
162 0.000574808
163 0.000537218
164 0.000537218
165 0.000537218
166 0.000537218
167 0.000537218
168 0.000537218
169 0.000510426
170 0.000510426
171 0.000500743
172 0.000500743
173 0.000500743
174 0.000500743
175 0.000497955
176 0.000497955
177 0.000497955
178 0.000497955
179 0.000497507
180 0.000446847
181 0.000446847
182 0.000122608
183 0.000122608
184 8.53092e-05
185 7.27528e-05
186 7.27528e-05
187 7.27528e-05
188 6.33396e-05
189 6.33396e-05
190 6.33396e-05
191 6.2442e-05
192 6.2442e-05
193 6.15534e-05
194 6.15534e-05
195 6.15534e-05
196 6.15534e-05
197 4.8178e-05
198 3.00113e-05
199 3.00113e-05
200 1.5475e-05
201 1.5475e-05
202 1.5475e-05
203 1.52945e-05
204 1.52945e-05
205 1.45516e-05
206 1.45516e-05
207 1.45516e-05
208 1.32026e-05
209 1.32026e-05
210 1.32026e-05
211 1.32026e-05
212 6.85457e-06
213 6.85457e-06
214 4.78447e-06
215 4.53156e-06
216 4.53156e-06
217 2.99398e-06
218 2.99398e-06
219 2.99398e-06
220 2.99398e-06
221 2.53498e-06
222 1.17855e-06
223 1.17855e-06
224 6.89183e-07
225 6.89183e-07
226 1.84654e-07
227 1.84654e-07
228 1.84654e-07
229 1.84654e-07
230 1.51903e-07
231 1.36436e-07
232 1.36436e-07
233 8.06347e-08
234 8.06347e-08
235 6.92046e-08
236 3.72755e-08
237 3.72755e-08
238 3.72755e-08
239 3.72755e-08
240 3.72755e-08
241 3.72755e-08
242 3.38682e-08
243 1.742e-08
244 6.9366e-09
245 6.66893e-09
246 6.66893e-09
247 6.66893e-09
248 4.68337e-09
249 4.68337e-09
250 4.68337e-09
251 4.68337e-09
252 4.68337e-09
253 4.27146e-09
254 3.44223e-09
255 2.91494e-09
256 2.59148e-09
257 2.39839e-09
258 2.28461e-09
259 2.21744e-09
260 2.17726e-09
261 2.15274e-09
262 2.13742e-09
263 2.12763e-09
264 2.12125e-09
265 2.11702e-09
266 2.11418e-09
267 2.11225e-09
268 2.11093e-09
269 2.11002e-09
270 2.1094e-09
271 2.10896e-09
272 2.10866e-09
273 2.10846e-09
274 2.10832e-09
275 2.10821e-09
276 2.10815e-09
277 2.1081e-09
278 2.10807e-09
279 2.10804e-09
280 2.10802e-09
281 2.10802e-09
282 2.10801e-09
283 2.108e-09
284 2.108e-09
285 2.108e-09
286 2.108e-09
287 8.03368e-10
288 2.76519e-10
289 2.76519e-10
290 2.76519e-10
291 2.76519e-10
292 2.76519e-10
293 2.76519e-10
294 2.76519e-10
295 2.76519e-10
296 2.76519e-10
297 2.76519e-10
298 2.76519e-10
299 2.76519e-10
300 2.76519e-10
301 2.76519e-10
302 2.58318e-10
303 2.08051e-11
304 2.08051e-11
305 2.08051e-11
306 2.08051e-11
307 2.08051e-11
308 2.08051e-11
309 2.08051e-11
310 2.08051e-11
311 2.08051e-11
312 2.08051e-11
313 2.08051e-11
314 1.85421e-11
315 1.85421e-11
316 1.44991e-11
317 1.44991e-11
318 4.02567e-12
319 4.02567e-12
320 4.02567e-12
321 4.02567e-12
322 4.02567e-12
323 4.02567e-12
324 4.02567e-12
325 4.02567e-12
326 3.83027e-12
327 3.83027e-12
328 3.59579e-12
329 3.56737e-12
330 3.56737e-12
331 3.54961e-12
332 3.53539e-12
333 3.53539e-12
334 3.43947e-12
335 3.38263e-12
336 3.35421e-12
337 3.33644e-12
338 3.33289e-12
339 3.32578e-12
340 2.30616e-12
341 1.67377e-12
342 1.67377e-12
343 1.67377e-12
344 3.37952e-13
345 3.37952e-13
346 3.37952e-13
347 3.37952e-13
348 3.37952e-13
349 3.37952e-13
350 3.37952e-13
351 3.37952e-13
352 3.37952e-13
353 3.37952e-13
354 3.37952e-13
355 3.37952e-13
356 3.37952e-13
357 3.37952e-13
358 1.53211e-13
359 1.03473e-13
360 1.03473e-13
361 1.03473e-13
362 1.03473e-13
363 2.17604e-14
364 2.17604e-14
365 2.17604e-14
366 2.17604e-14
367 2.17604e-14
368 2.17604e-14
369 2.17604e-14
370 2.17604e-14
371 2.17604e-14
372 2.17604e-14
373 7.54952e-15
374 3.9968e-15
375 3.9968e-15
376 4.44089e-16
377 4.44089e-16
378 4.44089e-16
379 4.44089e-16
380 4.44089e-16
381 4.44089e-16
382 4.44089e-16
383 4.44089e-16
384 4.44089e-16
385 4.44089e-16
386 4.44089e-16
387 4.44089e-16
388 4.44089e-16
389 4.44089e-16
390 4.44089e-16
391 4.44089e-16
392 4.44089e-16
393 4.44089e-16
394 4.44089e-16
395 4.44089e-16
396 4.44089e-16
397 4.44089e-16
398 4.44089e-16
399 4.44089e-16
400 4.44089e-16
401 4.44089e-16
402 4.44089e-16
403 4.44089e-16
404 4.44089e-16
405 4.44089e-16
406 4.44089e-16
407 4.44089e-16
408 4.44089e-16
409 4.44089e-16
410 4.44089e-16
411 4.44089e-16
412 4.44089e-16
413 4.44089e-16
414 4.44089e-16
415 4.44089e-16
416 4.44089e-16
417 4.44089e-16
418 4.44089e-16
419 4.44089e-16
420 4.44089e-16
421 4.44089e-16
422 4.44089e-16
423 4.44089e-16
424 4.44089e-16
425 4.44089e-16
426 4.44089e-16
427 4.44089e-16
428 4.44089e-16
429 4.44089e-16
430 4.44089e-16
431 4.44089e-16
432 4.44089e-16
433 4.44089e-16
434 4.44089e-16
435 4.44089e-16
436 4.44089e-16
437 4.44089e-16
438 4.44089e-16
439 4.44089e-16
440 4.44089e-16
441 4.44089e-16
442 4.44089e-16
443 4.44089e-16
444 4.44089e-16
445 4.44089e-16
446 4.44089e-16
447 4.44089e-16
448 4.44089e-16
449 4.44089e-16
450 4.44089e-16
451 4.44089e-16
452 4.44089e-16
453 4.44089e-16
454 4.44089e-16
455 4.44089e-16
456 4.44089e-16
457 4.44089e-16
458 4.44089e-16
459 4.44089e-16
460 4.44089e-16
461 4.44089e-16
462 4.44089e-16
463 4.44089e-16
464 4.44089e-16
465 4.44089e-16
466 4.44089e-16
467 4.44089e-16
468 4.44089e-16
469 4.44089e-16
470 4.44089e-16
471 4.44089e-16
472 4.44089e-16
473 4.44089e-16
474 4.44089e-16
475 4.44089e-16
476 4.44089e-16
477 4.44089e-16
478 4.44089e-16
479 4.44089e-16
480 4.44089e-16
481 4.44089e-16
482 4.44089e-16
483 4.44089e-16
484 4.44089e-16
485 4.44089e-16
486 4.44089e-16
487 4.44089e-16
488 4.44089e-16
489 4.44089e-16
490 4.44089e-16
491 4.44089e-16
492 4.44089e-16
493 4.44089e-16
494 4.44089e-16
495 4.44089e-16
496 4.44089e-16
497 4.44089e-16
498 4.44089e-16
499 4.44089e-16
500 4.44089e-16
501 4.44089e-16
502 4.44089e-16
503 4.44089e-16
504 4.44089e-16
505 4.44089e-16
506 4.44089e-16
507 4.44089e-16
508 4.44089e-16
509 4.44089e-16
510 4.44089e-16
511 4.44089e-16
512 4.44089e-16
513 4.44089e-16
514 4.44089e-16
515 4.44089e-16
516 4.44089e-16
517 4.44089e-16
518 4.44089e-16
519 4.44089e-16
520 4.44089e-16
521 4.44089e-16
522 4.44089e-16
523 4.44089e-16
524 4.44089e-16
525 4.44089e-16
526 4.44089e-16
527 4.44089e-16
528 4.44089e-16
529 4.44089e-16
530 4.44089e-16
531 4.44089e-16
532 4.44089e-16
533 4.44089e-16
534 4.44089e-16
535 4.44089e-16
536 4.44089e-16
537 4.44089e-16
538 4.44089e-16
539 4.44089e-16
540 4.44089e-16
541 4.44089e-16
542 4.44089e-16
543 4.44089e-16
544 4.44089e-16
545 4.44089e-16
546 4.44089e-16
547 4.44089e-16
548 4.44089e-16
549 4.44089e-16
550 4.44089e-16
551 4.44089e-16
552 4.44089e-16
553 4.44089e-16
554 4.44089e-16
555 4.44089e-16
556 4.44089e-16
557 4.44089e-16
558 4.44089e-16
559 4.44089e-16
560 4.44089e-16
561 4.44089e-16
562 4.44089e-16
563 4.44089e-16
564 4.44089e-16
565 4.44089e-16
566 4.44089e-16
567 4.44089e-16
568 4.44089e-16
569 4.44089e-16
570 4.44089e-16
571 4.44089e-16
572 4.44089e-16
573 4.44089e-16
574 4.44089e-16
575 4.44089e-16
576 4.44089e-16
577 4.44089e-16
578 4.44089e-16
579 4.44089e-16
580 4.44089e-16
581 4.44089e-16
582 4.44089e-16
583 4.44089e-16
584 4.44089e-16
585 4.44089e-16
586 4.44089e-16
587 4.44089e-16
588 4.44089e-16
589 4.44089e-16
590 4.44089e-16
591 4.44089e-16
592 4.44089e-16
593 4.44089e-16
594 4.44089e-16
595 4.44089e-16
596 4.44089e-16
597 4.44089e-16
598 4.44089e-16
599 4.44089e-16
600 4.44089e-16
601 4.44089e-16
602 4.44089e-16
603 4.44089e-16
604 4.44089e-16
605 4.44089e-16
606 4.44089e-16
607 4.44089e-16
608 4.44089e-16
609 4.44089e-16
610 4.44089e-16
611 4.44089e-16
612 4.44089e-16
613 4.44089e-16
614 4.44089e-16
615 4.44089e-16
616 4.44089e-16
617 4.44089e-16
618 4.44089e-16
619 4.44089e-16
620 4.44089e-16
621 4.44089e-16
622 4.44089e-16
623 4.44089e-16
624 4.44089e-16
625 4.44089e-16
626 4.44089e-16
627 4.44089e-16
628 4.44089e-16
629 4.44089e-16
630 4.44089e-16
631 4.44089e-16
632 4.44089e-16
633 4.44089e-16
634 4.44089e-16
635 4.44089e-16
636 4.44089e-16
637 4.44089e-16
638 4.44089e-16
639 4.44089e-16
640 4.44089e-16
641 4.44089e-16
642 4.44089e-16
643 4.44089e-16
644 4.44089e-16
645 4.44089e-16
646 4.44089e-16
647 4.44089e-16
648 4.44089e-16
649 4.44089e-16
650 4.44089e-16
651 4.44089e-16
652 4.44089e-16
653 4.44089e-16
654 4.44089e-16
655 4.44089e-16
656 4.44089e-16
657 4.44089e-16
658 4.44089e-16
659 4.44089e-16
660 4.44089e-16
661 4.44089e-16
662 4.44089e-16
663 4.44089e-16
664 4.44089e-16
665 4.44089e-16
666 4.44089e-16
