0 9.41382
1 7.96298
2 6.9703
3 6.52403
4 3.99488
5 3.99488
6 3.99488
7 3.99488
8 2.8168
9 2.8168
10 2.8168
11 2.8168
12 2.8168
13 2.8168
14 2.68711
15 2.68711
16 2.68711
17 2.68711
18 2.68711
19 2.68711
20 2.68711
21 2.68711
22 2.68711
23 2.68711
24 2.68711
25 2.68711
26 2.68711
27 2.68711
28 2.68711
29 2.68711
30 2.68711
31 2.68711
32 2.68711
33 2.68711
34 2.68711
35 2.68711
36 2.09909
37 2.09909
38 2.09909
39 2.09909
40 2.09909
41 2.09909
42 2.09909
43 2.09909
44 2.09909
45 2.09909
46 2.09909
47 2.09909
48 0.510816
49 0.510816
50 0.510816
51 0.510816
52 0.510816
53 0.510816
54 0.510816
55 0.510816
56 0.510816
57 0.510816
58 0.510816
59 0.510816
60 0.510816
61 0.510816
62 0.510816
63 0.510816
64 0.510816
65 0.0909317
66 0.0909317
67 0.0909317
68 0.0909317
69 0.0909317
70 0.0909317
71 0.0909317
72 0.0909317
73 0.0909317
74 0.0909317
75 0.0909317
76 0.0909317
77 0.0909317
78 0.0909317
79 0.0381708
80 0.0381708
81 0.0381708
82 0.0381708
83 0.0381708
84 0.0381708
85 0.0381708
86 0.0381708
87 0.0381708
88 0.0381708
89 0.0381708
90 0.0381708
91 0.0335413
92 0.0335413
93 0.0335413
94 0.0335413
95 0.0335413
96 0.0335413
97 0.0335413
98 0.0335413
99 0.0335413
100 0.0335413
101 0.0335413
102 0.0335413
103 0.0335413
104 0.0335413
105 0.0335413
106 0.0335413
107 0.0335413
108 0.0335413
109 0.0335413
110 0.0335413
111 0.0335413
112 0.0335413
113 0.0335413
114 0.0335413
115 0.0335413
116 0.0335413
117 0.0335413
118 0.0335413
119 0.0335413
120 0.0335413
121 0.0335413
122 0.0335413
123 0.0335413
124 0.0335413
125 0.0335413
126 0.0335413
127 0.0335413
128 0.0335413
129 0.0335413
130 0.0335413
131 0.0321945
132 0.0321945
133 0.0321945
134 0.0321945
135 0.0321945
136 0.0321945
137 0.0321945
138 0.0321945
139 0.0321945
140 0.0321945
141 0.0214235
142 0.0214235
143 0.0214235
144 0.0214235
145 0.0214235
146 0.0214235
147 0.0187072
148 0.0187072
149 0.0109702
150 0.0109702
151 0.0109702
152 0.0109702
153 0.0109702
154 0.0109702
155 0.00954989
156 0.00954989
157 0.00954989
158 0.00954989
159 0.00527721
160 0.00527721
161 0.00107653
162 0.00107653
163 0.00107653
164 0.00107653
165 0.00107653
166 0.00107653
167 0.000546891
168 0.000546891
169 0.000546891
170 0.000546891
171 0.000546891
172 0.000546891
173 0.000546891
174 0.000546891
175 0.000546891
176 0.000546891
177 0.000546891
178 0.000546891
179 0.000546891
180 0.000546891
181 0.000546891
182 0.000546891
183 0.000546891
184 0.000546891
185 0.000492394
186 0.000492394
187 0.000492394
188 0.000492394
189 0.000492394
190 0.000492394
191 0.000492394
192 0.00013111
193 0.00013111
194 0.00013111
195 0.00013111
196 0.00013111
197 0.00013111
198 0.00013111
199 0.00013111
200 0.00013111
201 0.00013111
202 6.07618e-05
203 6.07618e-05
204 6.07618e-05
205 6.07618e-05
206 6.07618e-05
207 6.07618e-05
208 6.07618e-05
209 5.79364e-05
210 5.79364e-05
211 5.79364e-05
212 3.52718e-05
213 3.52718e-05
214 3.52718e-05
215 3.52718e-05
216 2.18067e-05
217 2.18067e-05
218 2.18067e-05
219 2.18067e-05
220 2.18067e-05
221 2.18067e-05
222 6.31358e-06
223 6.31358e-06
224 6.31358e-06
225 6.31358e-06
226 6.31358e-06
227 6.31358e-06
228 6.31358e-06
229 5.48526e-06
230 5.48526e-06
231 4.70722e-06
232 4.70722e-06
233 4.70722e-06
234 4.70722e-06
235 4.70722e-06
236 3.80187e-06
237 3.80187e-06
238 3.80187e-06
239 3.80187e-06
240 2.64798e-06
241 2.64798e-06
242 2.64798e-06
243 2.64798e-06
244 2.64798e-06
245 2.64798e-06
246 2.64798e-06
247 2.56647e-06
248 2.56647e-06
249 2.56647e-06
250 2.37456e-06
251 2.30308e-06
252 1.88418e-06
253 1.58674e-06
254 1.37577e-06
255 1.22628e-06
256 1.12047e-06
257 2.55999e-07
258 2.55999e-07
259 2.55999e-07
260 2.55999e-07
261 2.55999e-07
262 1.94913e-07
263 1.94913e-07
264 1.94913e-07
265 1.3612e-07
266 1.3612e-07
267 1.3612e-07
268 1.3612e-07
269 1.29881e-07
270 1.29881e-07
271 1.29881e-07
272 1.29881e-07
273 1.26483e-07
274 1.26483e-07
275 1.26483e-07
276 1.26483e-07
277 1.26483e-07
278 1.26483e-07
279 1.26483e-07
280 1.26483e-07
281 1.23812e-07
282 1.02721e-07
283 5.49353e-08
284 3.9573e-08
285 3.9573e-08
286 3.9573e-08
287 3.9573e-08
288 3.65181e-08
289 3.06479e-08
290 2.11987e-08
291 2.11987e-08
292 2.11987e-08
293 2.11987e-08
294 2.11987e-08
295 1.40501e-08
296 1.35693e-08
297 1.35693e-08
298 1.35693e-08
299 6.92161e-09
300 6.34471e-09
301 6.34471e-09
302 5.30576e-09
303 3.77529e-09
304 3.77529e-09
305 3.77529e-09
306 3.77529e-09
307 2.88446e-09
308 2.88446e-09
309 1.69871e-09
310 1.69871e-09
311 1.19837e-09
312 1.19837e-09
313 1.19837e-09
314 4.86623e-10
315 4.86623e-10
316 4.86623e-10
317 2.43674e-10
318 2.43674e-10
319 2.43674e-10
320 2.43674e-10
321 3.36802e-11
322 3.36802e-11
323 3.36802e-11
324 3.36802e-11
325 3.36802e-11
326 3.36802e-11
327 3.36802e-11
328 3.36802e-11
329 3.36802e-11
330 2.85927e-11
331 2.85927e-11
332 2.85927e-11
333 2.85927e-11
334 2.85927e-11
335 2.85927e-11
336 2.85927e-11
337 2.85927e-11
338 2.63687e-11
339 2.63687e-11
340 2.63687e-11
341 2.63687e-11
342 2.57008e-11
343 2.53917e-11
344 2.52887e-11
345 1.91283e-11
346 1.02465e-11
347 5.13056e-12
348 5.13056e-12
349 1.74838e-12
350 1.03428e-12
351 1.03428e-12
352 1.03428e-12
353 3.69926e-13
354 3.69926e-13
355 3.69926e-13
356 3.69926e-13
357 3.69926e-13
358 3.69926e-13
359 3.30846e-13
360 3.30846e-13
361 3.30846e-13
362 3.30846e-13
363 3.30846e-13
364 3.30846e-13
365 2.91767e-13
366 2.91767e-13
367 2.91767e-13
368 2.91767e-13
369 2.74003e-13
370 2.74003e-13
371 2.1716e-13
372 1.10578e-13
373 3.59712e-14
374 3.59712e-14
375 2.88658e-14
376 2.88658e-14
377 7.54952e-15
378 7.54952e-15
379 7.54952e-15
380 7.54952e-15
381 7.54952e-15
382 7.54952e-15
383 7.54952e-15
384 7.54952e-15
385 7.54952e-15
386 7.54952e-15
387 7.54952e-15
388 7.54952e-15
389 7.54952e-15
390 7.54952e-15
391 7.54952e-15
392 7.54952e-15
393 7.54952e-15
394 7.54952e-15
395 7.54952e-15
396 7.54952e-15
397 7.54952e-15
398 7.54952e-15
399 7.54952e-15
400 7.54952e-15
401 7.54952e-15
402 3.9968e-15
403 3.9968e-15
404 3.9968e-15
405 3.9968e-15
406 3.9968e-15
407 3.9968e-15
408 4.44089e-16
409 4.44089e-16
410 4.44089e-16
411 4.44089e-16
412 4.44089e-16
413 4.44089e-16
414 4.44089e-16
415 4.44089e-16
416 4.44089e-16
417 4.44089e-16
418 4.44089e-16
419 4.44089e-16
420 4.44089e-16
421 4.44089e-16
422 4.44089e-16
423 4.44089e-16
424 4.44089e-16
425 4.44089e-16
426 4.44089e-16
427 4.44089e-16
428 4.44089e-16
429 4.44089e-16
430 4.44089e-16
431 4.44089e-16
432 4.44089e-16
433 4.44089e-16
434 4.44089e-16
435 4.44089e-16
436 4.44089e-16
437 4.44089e-16
438 4.44089e-16
439 4.44089e-16
440 4.44089e-16
441 4.44089e-16
442 4.44089e-16
443 4.44089e-16
444 4.44089e-16
445 4.44089e-16
446 4.44089e-16
447 4.44089e-16
448 4.44089e-16
449 4.44089e-16
450 4.44089e-16
451 4.44089e-16
452 4.44089e-16
453 4.44089e-16
454 4.44089e-16
455 4.44089e-16
456 4.44089e-16
457 4.44089e-16
458 4.44089e-16
459 4.44089e-16
460 4.44089e-16
461 4.44089e-16
462 4.44089e-16
463 4.44089e-16
464 4.44089e-16
465 4.44089e-16
466 4.44089e-16
467 4.44089e-16
468 4.44089e-16
469 4.44089e-16
470 4.44089e-16
471 4.44089e-16
472 4.44089e-16
473 4.44089e-16
474 4.44089e-16
475 4.44089e-16
476 4.44089e-16
477 4.44089e-16
478 4.44089e-16
479 4.44089e-16
480 4.44089e-16
481 4.44089e-16
482 4.44089e-16
483 4.44089e-16
484 4.44089e-16
485 4.44089e-16
486 4.44089e-16
487 4.44089e-16
488 4.44089e-16
489 4.44089e-16
490 4.44089e-16
491 4.44089e-16
492 4.44089e-16
493 4.44089e-16
494 4.44089e-16
495 4.44089e-16
496 4.44089e-16
497 4.44089e-16
498 4.44089e-16
499 4.44089e-16
500 4.44089e-16
501 4.44089e-16
502 4.44089e-16
503 4.44089e-16
504 4.44089e-16
505 4.44089e-16
506 4.44089e-16
507 4.44089e-16
508 4.44089e-16
509 4.44089e-16
510 4.44089e-16
511 4.44089e-16
512 4.44089e-16
513 4.44089e-16
514 4.44089e-16
515 4.44089e-16
516 4.44089e-16
517 4.44089e-16
518 4.44089e-16
519 4.44089e-16
520 4.44089e-16
521 4.44089e-16
522 4.44089e-16
523 4.44089e-16
524 4.44089e-16
525 4.44089e-16
526 4.44089e-16
527 4.44089e-16
528 4.44089e-16
529 4.44089e-16
530 4.44089e-16
531 4.44089e-16
532 4.44089e-16
533 4.44089e-16
534 4.44089e-16
535 4.44089e-16
536 4.44089e-16
537 4.44089e-16
538 4.44089e-16
539 4.44089e-16
540 4.44089e-16
541 4.44089e-16
542 4.44089e-16
543 4.44089e-16
544 4.44089e-16
545 4.44089e-16
546 4.44089e-16
547 4.44089e-16
548 4.44089e-16
549 4.44089e-16
550 4.44089e-16
551 4.44089e-16
552 4.44089e-16
553 4.44089e-16
554 4.44089e-16
555 4.44089e-16
556 4.44089e-16
557 4.44089e-16
558 4.44089e-16
559 4.44089e-16
560 4.44089e-16
561 4.44089e-16
562 4.44089e-16
563 4.44089e-16
564 4.44089e-16
565 4.44089e-16
566 4.44089e-16
567 4.44089e-16
568 4.44089e-16
569 4.44089e-16
570 4.44089e-16
571 4.44089e-16
572 4.44089e-16
573 4.44089e-16
574 4.44089e-16
575 4.44089e-16
576 4.44089e-16
577 4.44089e-16
578 4.44089e-16
579 4.44089e-16
580 4.44089e-16
581 4.44089e-16
582 4.44089e-16
583 4.44089e-16
584 4.44089e-16
585 4.44089e-16
586 4.44089e-16
587 4.44089e-16
588 4.44089e-16
589 4.44089e-16
590 4.44089e-16
591 4.44089e-16
592 4.44089e-16
593 4.44089e-16
594 4.44089e-16
595 4.44089e-16
596 4.44089e-16
597 4.44089e-16
598 4.44089e-16
599 4.44089e-16
600 4.44089e-16
601 4.44089e-16
602 4.44089e-16
603 4.44089e-16
604 4.44089e-16
605 4.44089e-16
606 4.44089e-16
607 4.44089e-16
608 4.44089e-16
609 4.44089e-16
610 4.44089e-16
611 4.44089e-16
612 4.44089e-16
613 4.44089e-16
614 4.44089e-16
615 4.44089e-16
616 4.44089e-16
617 4.44089e-16
618 4.44089e-16
619 4.44089e-16
620 4.44089e-16
621 4.44089e-16
622 4.44089e-16
623 4.44089e-16
624 4.44089e-16
625 4.44089e-16
626 4.44089e-16
627 4.44089e-16
628 4.44089e-16
629 4.44089e-16
630 4.44089e-16
631 4.44089e-16
632 4.44089e-16
633 4.44089e-16
634 4.44089e-16
635 4.44089e-16
636 4.44089e-16
637 4.44089e-16
638 4.44089e-16
639 4.44089e-16
640 4.44089e-16
641 4.44089e-16
642 4.44089e-16
643 4.44089e-16
644 4.44089e-16
645 4.44089e-16
646 4.44089e-16
647 4.44089e-16
648 4.44089e-16
649 4.44089e-16
650 4.44089e-16
651 4.44089e-16
652 4.44089e-16
653 4.44089e-16
654 4.44089e-16
655 4.44089e-16
656 4.44089e-16
657 4.44089e-16
658 4.44089e-16
659 4.44089e-16
660 4.44089e-16
661 4.44089e-16
662 4.44089e-16
663 4.44089e-16
664 4.44089e-16
665 4.44089e-16
666 4.44089e-16
