0 11.9488
1 11.9488
2 5.57725
3 5.57725
4 5.57725
5 5.57725
6 5.57725
7 5.57725
8 5.57725
9 5.57725
10 5.57725
11 5.57725
12 4.0782
13 4.0782
14 4.0782
15 4.0782
16 4.0782
17 2.65792
18 2.65792
19 2.65792
20 2.65792
21 2.65792
22 2.65792
23 2.65792
24 2.65792
25 2.65792
26 2.65792
27 2.65792
28 2.65792
29 2.65792
30 2.65792
31 2.65792
32 2.65792
33 2.65792
34 2.65792
35 2.65792
36 2.65792
37 2.65792
38 2.65792
39 1.46956
40 1.46956
41 1.46956
42 1.46956
43 1.46956
44 1.46956
45 1.46956
46 1.46956
47 1.46956
48 1.46956
49 1.46956
50 1.46956
51 1.46956
52 1.46956
53 1.46956
54 1.46956
55 1.46956
56 1.46956
57 1.46956
58 1.46956
59 1.46956
60 1.26707
61 0.678069
62 0.678069
63 0.678069
64 0.678069
65 0.678069
66 0.678069
67 0.678069
68 0.678069
69 0.678069
70 0.678069
71 0.678069
72 0.678069
73 0.678069
74 0.678069
75 0.678069
76 0.678069
77 0.678069
78 0.272325
79 0.272325
80 0.272325
81 0.272325
82 0.272325
83 0.272325
84 0.272325
85 0.272325
86 0.272325
87 0.272325
88 0.272325
89 0.272325
90 0.272325
91 0.272325
92 0.272325
93 0.272325
94 0.272325
95 0.272325
96 0.272325
97 0.272325
98 0.211831
99 0.211831
100 0.211831
101 0.211831
102 0.189888
103 0.189888
104 0.189888
105 0.189888
106 0.189888
107 0.189888
108 0.189888
109 0.189888
110 0.189888
111 0.189888
112 0.189888
113 0.189888
114 0.189888
115 0.189888
116 0.189888
117 0.189888
118 0.189888
119 0.189888
120 0.152938
121 0.0543557
122 0.0543557
123 0.0543557
124 0.0543557
125 0.0334237
126 0.0334237
127 0.0334237
128 0.0334237
129 0.0334237
130 0.0334237
131 0.0264265
132 0.0264265
133 0.0264265
134 0.0264265
135 0.0264265
136 0.0264265
137 0.0264265
138 0.0264265
139 0.0191203
140 0.0191203
141 0.0191203
142 0.0191203
143 0.0124629
144 0.0124629
145 0.00989394
146 0.00989394
147 0.00989394
148 0.00989394
149 0.00989394
150 0.00989394
151 0.00989394
152 0.00989394
153 0.00989394
154 0.00989394
155 0.00610139
156 0.00448801
157 0.00448801
158 0.00270367
159 0.00270367
160 0.00253272
161 0.00253272
162 0.00253272
163 0.00253272
164 0.00253272
165 0.00253272
166 0.00253272
167 0.00249304
168 0.00249304
169 0.00203892
170 0.00144266
171 0.00144266
172 0.00144266
173 0.00109478
174 0.00109478
175 0.00109478
176 0.00100469
177 0.00100469
178 0.00100469
179 0.00100469
180 0.00075557
181 0.00075557
182 0.00074914
183 0.00074914
184 0.00074914
185 0.00074914
186 0.00074914
187 0.00074914
188 0.00074914
189 0.000720922
190 0.000685707
191 0.000685707
192 0.000685707
193 0.000685707
194 0.000685707
195 0.000281579
196 0.000281579
197 0.00015888
198 0.00015888
199 0.00015888
200 0.00015888
201 0.00015888
202 0.00015888
203 0.00015888
204 0.00015888
205 0.00015888
206 0.00015888
207 0.00015888
208 9.08618e-05
209 8.77652e-05
210 7.6448e-05
211 7.6448e-05
212 7.6448e-05
213 7.6448e-05
214 7.6448e-05
215 6.38656e-05
216 6.38656e-05
217 6.38656e-05
218 6.38656e-05
219 3.81394e-05
220 2.15721e-05
221 2.15721e-05
222 2.15721e-05
223 2.15721e-05
224 1.71311e-05
225 1.71311e-05
226 1.71311e-05
227 1.40896e-05
228 1.12909e-05
229 1.12909e-05
230 7.49179e-06
231 7.49179e-06
232 2.16606e-06
233 2.16606e-06
234 2.16606e-06
235 2.16606e-06
236 2.16606e-06
237 2.16606e-06
238 2.16606e-06
239 1.77587e-06
240 1.77587e-06
241 1.77587e-06
242 1.77587e-06
243 1.77587e-06
244 4.06645e-07
245 4.06645e-07
246 4.06645e-07
247 4.06645e-07
248 4.06645e-07
249 4.06645e-07
250 4.06645e-07
251 4.06645e-07
252 3.30491e-07
253 3.30491e-07
254 3.30491e-07
255 3.30491e-07
256 3.30491e-07
257 3.30491e-07
258 3.30491e-07
259 3.30491e-07
260 2.84544e-07
261 2.84544e-07
262 2.84544e-07
263 2.84544e-07
264 2.84544e-07
265 2.84544e-07
266 2.84544e-07
267 2.84544e-07
268 2.72147e-07
269 2.33335e-07
270 2.33335e-07
271 2.33335e-07
272 2.04615e-07
273 8.54006e-08
274 8.54006e-08
275 8.54006e-08
276 8.54006e-08
277 8.54006e-08
278 7.97838e-08
279 7.97838e-08
280 5.9818e-08
281 5.9818e-08
282 5.9818e-08
283 2.19383e-08
284 2.09607e-08
285 1.5706e-08
286 1.5706e-08
287 1.40474e-08
288 1.40474e-08
289 1.28489e-08
290 1.28489e-08
291 1.28489e-08
292 1.28489e-08
293 1.28489e-08
294 1.07421e-08
295 1.07421e-08
296 1.07186e-08
297 1.02139e-08
298 1.02139e-08
299 9.50751e-09
300 9.50751e-09
301 2.15441e-09
302 2.15441e-09
303 2.15441e-09
304 2.15441e-09
305 1.87868e-09
306 1.87868e-09
307 1.66483e-09
308 1.66483e-09
309 1.66483e-09
310 1.66483e-09
311 1.59819e-09
312 1.59819e-09
313 1.59819e-09
314 6.8048e-10
315 6.8048e-10
316 6.8048e-10
317 4.15874e-10
318 3.59226e-10
319 3.59226e-10
320 3.59226e-10
321 1.88468e-10
322 1.88468e-10
323 1.88468e-10
324 8.2562e-11
325 8.2562e-11
326 8.2562e-11
327 6.21871e-11
328 6.21871e-11
329 6.21871e-11
330 6.21871e-11
331 6.21871e-11
332 6.21871e-11
333 5.02784e-11
334 5.02784e-11
335 4.66476e-11
336 4.66476e-11
337 4.07714e-11
338 4.07714e-11
339 4.07714e-11
340 9.45777e-12
341 9.45777e-12
342 9.45777e-12
343 9.45777e-12
344 9.45777e-12
345 9.45777e-12
346 9.45777e-12
347 9.45777e-12
348 9.45777e-12
349 9.45777e-12
350 8.67617e-12
351 2.49445e-12
352 2.49445e-12
353 2.49445e-12
354 2.49445e-12
355 2.49445e-12
356 2.49445e-12
357 1.02007e-12
358 1.02007e-12
359 9.52571e-13
360 9.52571e-13
361 9.52571e-13
362 9.52571e-13
363 4.33875e-13
364 4.33875e-13
365 4.33875e-13
366 3.34399e-13
367 3.05977e-13
368 3.05977e-13
369 2.1716e-13
370 2.1716e-13
371 9.28146e-14
372 9.28146e-14
373 9.28146e-14
374 9.28146e-14
375 3.24185e-14
376 3.24185e-14
377 3.24185e-14
378 3.24185e-14
379 7.54952e-15
380 7.54952e-15
381 7.54952e-15
382 7.54952e-15
383 7.54952e-15
384 7.54952e-15
385 7.54952e-15
386 3.9968e-15
387 3.9968e-15
388 3.9968e-15
389 3.9968e-15
390 3.9968e-15
391 3.9968e-15
392 3.9968e-15
393 3.9968e-15
394 3.9968e-15
395 3.9968e-15
396 3.9968e-15
397 3.9968e-15
398 3.9968e-15
399 3.9968e-15
400 3.9968e-15
401 3.9968e-15
402 3.9968e-15
403 3.9968e-15
404 3.9968e-15
405 3.9968e-15
406 3.9968e-15
407 3.9968e-15
408 3.9968e-15
409 3.9968e-15
410 3.9968e-15
411 4.44089e-16
412 4.44089e-16
413 4.44089e-16
414 4.44089e-16
415 4.44089e-16
416 4.44089e-16
417 4.44089e-16
418 4.44089e-16
419 4.44089e-16
420 4.44089e-16
421 4.44089e-16
422 4.44089e-16
423 4.44089e-16
424 4.44089e-16
425 4.44089e-16
426 4.44089e-16
427 4.44089e-16
428 4.44089e-16
429 4.44089e-16
430 4.44089e-16
431 4.44089e-16
432 4.44089e-16
433 4.44089e-16
434 4.44089e-16
435 4.44089e-16
436 4.44089e-16
437 4.44089e-16
438 4.44089e-16
439 4.44089e-16
440 4.44089e-16
441 4.44089e-16
442 4.44089e-16
443 4.44089e-16
444 4.44089e-16
445 4.44089e-16
446 4.44089e-16
447 4.44089e-16
448 4.44089e-16
449 4.44089e-16
450 4.44089e-16
451 4.44089e-16
452 4.44089e-16
453 4.44089e-16
454 4.44089e-16
455 4.44089e-16
456 4.44089e-16
457 4.44089e-16
458 4.44089e-16
459 4.44089e-16
460 4.44089e-16
461 4.44089e-16
462 4.44089e-16
463 4.44089e-16
464 4.44089e-16
465 4.44089e-16
466 4.44089e-16
467 4.44089e-16
468 4.44089e-16
469 4.44089e-16
470 4.44089e-16
471 4.44089e-16
472 4.44089e-16
473 4.44089e-16
474 4.44089e-16
475 4.44089e-16
476 4.44089e-16
477 4.44089e-16
478 4.44089e-16
479 4.44089e-16
480 4.44089e-16
481 4.44089e-16
482 4.44089e-16
483 4.44089e-16
484 4.44089e-16
485 4.44089e-16
486 4.44089e-16
487 4.44089e-16
488 4.44089e-16
489 4.44089e-16
490 4.44089e-16
491 4.44089e-16
492 4.44089e-16
493 4.44089e-16
494 4.44089e-16
495 4.44089e-16
496 4.44089e-16
497 4.44089e-16
498 4.44089e-16
499 4.44089e-16
500 4.44089e-16
501 4.44089e-16
502 4.44089e-16
503 4.44089e-16
504 4.44089e-16
505 4.44089e-16
506 4.44089e-16
507 4.44089e-16
508 4.44089e-16
509 4.44089e-16
510 4.44089e-16
511 4.44089e-16
512 4.44089e-16
513 4.44089e-16
514 4.44089e-16
515 4.44089e-16
516 4.44089e-16
517 4.44089e-16
518 4.44089e-16
519 4.44089e-16
520 4.44089e-16
521 4.44089e-16
522 4.44089e-16
523 4.44089e-16
524 4.44089e-16
525 4.44089e-16
526 4.44089e-16
527 4.44089e-16
528 4.44089e-16
529 4.44089e-16
530 4.44089e-16
531 4.44089e-16
532 4.44089e-16
533 4.44089e-16
534 4.44089e-16
535 4.44089e-16
536 4.44089e-16
537 4.44089e-16
538 4.44089e-16
539 4.44089e-16
540 4.44089e-16
541 4.44089e-16
542 4.44089e-16
543 4.44089e-16
544 4.44089e-16
545 4.44089e-16
546 4.44089e-16
547 4.44089e-16
548 4.44089e-16
549 4.44089e-16
550 4.44089e-16
551 4.44089e-16
552 4.44089e-16
553 4.44089e-16
554 4.44089e-16
555 4.44089e-16
556 4.44089e-16
557 4.44089e-16
558 4.44089e-16
559 4.44089e-16
560 4.44089e-16
561 4.44089e-16
562 4.44089e-16
563 4.44089e-16
564 4.44089e-16
565 4.44089e-16
566 4.44089e-16
567 4.44089e-16
568 4.44089e-16
569 4.44089e-16
570 4.44089e-16
571 4.44089e-16
572 4.44089e-16
573 4.44089e-16
574 4.44089e-16
575 4.44089e-16
576 4.44089e-16
577 4.44089e-16
578 4.44089e-16
579 4.44089e-16
580 4.44089e-16
581 4.44089e-16
582 4.44089e-16
583 4.44089e-16
584 4.44089e-16
585 4.44089e-16
586 4.44089e-16
587 4.44089e-16
588 4.44089e-16
589 4.44089e-16
590 4.44089e-16
591 4.44089e-16
592 4.44089e-16
593 4.44089e-16
594 4.44089e-16
595 4.44089e-16
596 4.44089e-16
597 4.44089e-16
598 4.44089e-16
599 4.44089e-16
600 4.44089e-16
601 4.44089e-16
602 4.44089e-16
603 4.44089e-16
604 4.44089e-16
605 4.44089e-16
606 4.44089e-16
607 4.44089e-16
608 4.44089e-16
609 4.44089e-16
610 4.44089e-16
611 4.44089e-16
612 4.44089e-16
613 4.44089e-16
614 4.44089e-16
615 4.44089e-16
616 4.44089e-16
617 4.44089e-16
618 4.44089e-16
619 4.44089e-16
620 4.44089e-16
621 4.44089e-16
622 4.44089e-16
623 4.44089e-16
624 4.44089e-16
625 4.44089e-16
626 4.44089e-16
627 4.44089e-16
628 4.44089e-16
629 4.44089e-16
630 4.44089e-16
631 4.44089e-16
632 4.44089e-16
633 4.44089e-16
634 4.44089e-16
635 4.44089e-16
636 4.44089e-16
637 4.44089e-16
638 4.44089e-16
639 4.44089e-16
640 4.44089e-16
641 4.44089e-16
642 4.44089e-16
643 4.44089e-16
644 4.44089e-16
645 4.44089e-16
646 4.44089e-16
647 4.44089e-16
648 4.44089e-16
649 4.44089e-16
650 4.44089e-16
651 4.44089e-16
652 4.44089e-16
653 4.44089e-16
654 4.44089e-16
655 4.44089e-16
656 4.44089e-16
657 4.44089e-16
658 4.44089e-16
659 4.44089e-16
660 4.44089e-16
661 4.44089e-16
662 4.44089e-16
663 4.44089e-16
664 4.44089e-16
665 4.44089e-16
666 4.44089e-16
