0 49.633333
1 50.233333
2 50.833333
3 51.266667
4 51.833333
5 52.266667
6 52.700000
7 53.166667
8 53.733333
9 54.266667
10 54.766667
11 55.233333
12 55.666667
13 56.000000
14 56.400000
15 56.833333
16 57.133333
17 57.600000
18 58.100000
19 58.600000
20 58.866667
21 59.400000
22 59.833333
23 60.333333
24 60.666667
25 61.133333
26 61.466667
27 61.833333
28 62.266667
29 62.566667
30 62.833333
31 63.166667
32 63.533333
33 64.066667
34 64.466667
35 64.800000
36 65.100000
37 65.366667
38 65.766667
39 66.200000
40 66.466667
41 66.666667
42 66.933333
43 67.466667
44 67.833333
45 68.066667
46 68.366667
47 68.733333
48 68.966667
49 69.200000
50 69.600000
51 69.866667
52 70.233333
53 70.533333
54 70.633333
55 70.933333
56 71.133333
57 71.366667
58 71.733333
59 71.900000
60 72.266667
61 72.533333
62 72.700000
63 73.000000
64 73.166667
65 73.400000
66 73.533333
67 73.866667
68 73.966667
69 74.166667
70 74.433333
71 74.733333
72 74.933333
73 75.100000
74 75.333333
75 75.433333
76 75.633333
77 75.766667
78 75.966667
79 76.233333
80 76.466667
81 76.833333
82 77.000000
83 77.333333
84 77.400000
85 77.566667
86 77.866667
87 78.166667
88 78.333333
89 78.466667
90 78.733333
91 78.933333
92 79.233333
93 79.366667
94 79.600000
95 79.766667
96 79.933333
97 80.200000
98 80.300000
99 80.466667
100 80.766667
101 80.966667
102 81.233333
103 81.466667
104 81.600000
105 81.800000
106 81.933333
107 82.066667
108 82.233333
109 82.533333
110 82.866667
111 83.000000
112 83.066667
113 83.133333
114 83.366667
115 83.500000
116 83.600000
117 83.800000
118 84.100000
119 84.333333
120 84.600000
121 84.833333
122 85.066667
123 85.366667
124 85.700000
125 85.800000
126 86.000000
127 86.066667
128 86.200000
129 86.300000
130 86.400000
131 86.566667
132 86.566667
133 86.666667
134 86.833333
135 86.966667
136 87.100000
137 87.166667
138 87.300000
139 87.400000
140 87.500000
141 87.633333
142 87.666667
143 87.733333
144 87.866667
145 88.033333
146 88.166667
147 88.200000
148 88.433333
149 88.533333
150 88.700000
151 88.800000
152 88.833333
153 88.866667
154 89.033333
155 89.100000
156 89.133333
157 89.166667
158 89.333333
159 89.466667
160 89.566667
161 89.600000
162 89.666667
163 89.766667
164 89.900000
165 89.900000
166 89.966667
167 90.100000
168 90.133333
169 90.333333
170 90.366667
171 90.533333
172 90.700000
173 90.833333
174 90.900000
175 91.066667
176 91.233333
177 91.400000
178 91.433333
179 91.500000
180 91.533333
181 91.633333
182 91.700000
183 91.800000
184 91.866667
185 91.866667
186 91.900000
187 91.966667
188 92.066667
189 92.066667
190 92.166667
191 92.300000
192 92.333333
193 92.333333
194 92.400000
195 92.466667
196 92.500000
197 92.633333
198 92.700000
199 92.766667
200 92.800000
201 92.900000
202 92.900000
203 92.966667
204 93.100000
205 93.200000
206 93.266667
207 93.300000
208 93.500000
209 93.566667
210 93.600000
211 93.600000
212 93.700000
213 93.700000
214 93.833333
215 93.866667
216 94.000000
217 94.033333
218 94.066667
219 94.100000
220 94.100000
221 94.200000
222 94.200000
223 94.233333
224 94.300000
225 94.333333
226 94.333333
227 94.366667
228 94.500000
229 94.533333
230 94.600000
231 94.600000
232 94.600000
233 94.600000
234 94.633333
235 94.800000
236 94.866667
237 94.866667
238 94.933333
239 95.000000
240 95.000000
241 95.033333
242 95.066667
243 95.133333
244 95.166667
245 95.166667
246 95.200000
247 95.233333
248 95.266667
249 95.266667
250 95.266667
251 95.300000
252 95.333333
253 95.366667
254 95.433333
255 95.466667
256 95.500000
257 95.533333
258 95.666667
259 95.700000
260 95.766667
261 95.800000
262 95.800000
263 95.900000
264 95.933333
265 96.033333
266 96.066667
267 96.233333
268 96.333333
269 96.333333
270 96.400000
271 96.433333
272 96.466667
273 96.466667
274 96.500000
275 96.533333
276 96.566667
277 96.566667
278 96.600000
279 96.633333
280 96.700000
281 96.733333
282 96.766667
283 96.800000
284 96.833333
285 96.866667
286 96.900000
287 96.933333
288 96.933333
289 97.000000
290 97.000000
291 97.033333
292 97.066667
293 97.133333
294 97.166667
295 97.233333
296 97.233333
297 97.300000
298 97.300000
299 97.333333
300 97.333333
301 97.400000
302 97.433333
303 97.433333
304 97.466667
305 97.466667
306 97.466667
307 97.500000
308 97.533333
309 97.533333
310 97.566667
311 97.666667
312 97.700000
313 97.700000
314 97.733333
315 97.733333
316 97.766667
317 97.766667
318 97.833333
319 97.866667
320 97.866667
321 97.866667
322 97.866667
323 97.900000
324 97.900000
325 97.900000
326 98.000000
327 98.000000
328 98.000000
329 98.000000
330 98.000000
331 98.033333
332 98.066667
333 98.100000
334 98.100000
335 98.100000
336 98.166667
337 98.166667
338 98.166667
339 98.166667
340 98.200000
341 98.200000
342 98.200000
343 98.200000
344 98.200000
345 98.233333
346 98.233333
347 98.233333
348 98.233333
349 98.233333
350 98.266667
351 98.266667
352 98.266667
353 98.266667
354 98.266667
355 98.266667
356 98.266667
357 98.266667
358 98.266667
359 98.333333
360 98.400000
361 98.400000
362 98.433333
363 98.433333
364 98.433333
365 98.433333
366 98.433333
367 98.433333
368 98.433333
369 98.500000
370 98.500000
371 98.500000
372 98.500000
373 98.500000
374 98.500000
375 98.500000
376 98.500000
377 98.533333
378 98.600000
379 98.600000
380 98.600000
381 98.600000
382 98.700000
383 98.700000
384 98.700000
385 98.700000
386 98.733333
387 98.733333
388 98.733333
389 98.733333
390 98.733333
391 98.766667
392 98.766667
393 98.766667
394 98.800000
395 98.800000
396 98.800000
397 98.800000
398 98.800000
399 98.833333
400 98.833333
401 98.833333
402 98.866667
403 98.866667
404 98.866667
405 98.900000
406 98.900000
407 98.933333
408 98.933333
409 98.933333
410 98.966667
411 98.966667
412 98.966667
413 98.966667
414 99.000000
415 99.000000
416 99.033333
417 99.033333
418 99.033333
419 99.033333
420 99.033333
421 99.100000
422 99.100000
423 99.100000
424 99.100000
425 99.100000
426 99.133333
427 99.133333
428 99.133333
429 99.133333
430 99.133333
431 99.133333
432 99.133333
433 99.133333
434 99.133333
435 99.133333
436 99.133333
437 99.133333
438 99.133333
439 99.133333
440 99.166667
441 99.233333
442 99.233333
443 99.233333
444 99.233333
445 99.233333
446 99.233333
447 99.233333
448 99.233333
449 99.266667
450 99.266667
451 99.266667
452 99.266667
453 99.300000
454 99.300000
455 99.300000
456 99.300000
457 99.300000
458 99.300000
459 99.300000
460 99.300000
461 99.300000
462 99.300000
463 99.333333
464 99.333333
465 99.333333
466 99.333333
467 99.333333
468 99.366667
469 99.400000
470 99.400000
471 99.400000
472 99.400000
473 99.400000
474 99.400000
475 99.400000
476 99.400000
477 99.400000
478 99.400000
479 99.400000
480 99.400000
481 99.433333
482 99.433333
483 99.433333
484 99.433333
485 99.433333
486 99.433333
487 99.466667
488 99.466667
489 99.466667
490 99.500000
491 99.500000
492 99.500000
493 99.500000
494 99.500000
495 99.500000
496 99.500000
497 99.500000
498 99.500000
499 99.500000
500 99.500000
501 99.500000
502 99.500000
503 99.500000
504 99.533333
505 99.533333
506 99.533333
507 99.533333
508 99.533333
509 99.566667
510 99.600000
511 99.600000
512 99.600000
513 99.600000
514 99.600000
515 99.600000
516 99.600000
517 99.600000
518 99.600000
519 99.600000
520 99.600000
521 99.666667
522 99.666667
523 99.666667
524 99.666667
525 99.666667
526 99.666667
527 99.666667
528 99.666667
529 99.666667
530 99.666667
531 99.666667
532 99.666667
533 99.666667
534 99.666667
535 99.666667
536 99.700000
537 99.700000
538 99.700000
539 99.700000
540 99.700000
541 99.700000
542 99.700000
543 99.700000
544 99.700000
545 99.700000
546 99.700000
547 99.700000
548 99.700000
549 99.700000
550 99.700000
551 99.700000
552 99.700000
553 99.700000
554 99.700000
555 99.700000
556 99.700000
557 99.700000
558 99.700000
559 99.700000
560 99.700000
561 99.700000
562 99.700000
563 99.700000
564 99.700000
565 99.700000
566 99.700000
567 99.700000
568 99.700000
569 99.700000
570 99.700000
571 99.700000
572 99.700000
573 99.700000
574 99.700000
575 99.700000
576 99.733333
577 99.733333
578 99.733333
579 99.733333
580 99.733333
581 99.733333
582 99.733333
583 99.733333
584 99.766667
585 99.766667
586 99.766667
587 99.800000
588 99.800000
589 99.800000
590 99.800000
591 99.800000
592 99.800000
593 99.800000
594 99.800000
595 99.800000
596 99.800000
597 99.800000
598 99.800000
599 99.800000
600 99.800000
601 99.800000
602 99.800000
603 99.800000
604 99.800000
605 99.800000
606 99.833333
607 99.833333
608 99.833333
609 99.833333
610 99.833333
611 99.833333
612 99.833333
613 99.833333
614 99.833333
615 99.833333
616 99.833333
617 99.833333
618 99.833333
619 99.833333
620 99.833333
621 99.833333
622 99.833333
623 99.833333
624 99.833333
625 99.833333
626 99.833333
627 99.833333
628 99.833333
629 99.833333
630 99.833333
631 99.833333
632 99.833333
633 99.833333
634 99.833333
635 99.833333
636 99.833333
637 99.833333
638 99.833333
639 99.833333
640 99.833333
641 99.833333
642 99.833333
643 99.833333
644 99.833333
645 99.833333
646 99.833333
647 99.833333
648 99.833333
649 99.833333
650 99.833333
651 99.833333
652 99.833333
653 99.833333
654 99.833333
655 99.833333
656 99.833333
657 99.833333
658 99.833333
659 99.833333
660 99.866667
661 99.866667
662 99.866667
663 99.866667
664 99.866667
665 99.866667
666 99.866667
667 99.866667
668 99.866667
669 99.866667
670 99.866667
671 99.866667
672 99.866667
673 99.866667
674 99.866667
675 99.866667
676 99.866667
677 99.866667
678 99.866667
679 99.866667
680 99.866667
681 99.866667
682 99.866667
683 99.866667
684 99.866667
685 99.866667
686 99.866667
687 99.866667
688 99.866667
689 99.866667
690 99.866667
691 99.866667
692 99.866667
693 99.900000
694 99.900000
695 99.900000
696 99.900000
697 99.900000
698 99.900000
699 99.900000
700 99.900000
701 99.900000
702 99.900000
703 99.900000
704 99.900000
705 99.900000
706 99.900000
707 99.900000
708 99.900000
709 99.900000
710 99.900000
711 99.900000
712 99.900000
713 99.900000
714 99.900000
715 99.900000
716 99.900000
717 99.900000
718 99.900000
719 99.900000
720 99.900000
721 99.900000
722 99.900000
723 99.900000
724 99.900000
725 99.900000
726 99.900000
727 99.900000
728 99.900000
729 99.900000
730 99.900000
731 99.900000
732 99.900000
733 99.900000
734 99.900000
735 99.933333
736 99.933333
737 99.933333
738 99.933333
739 99.933333
740 99.933333
741 99.933333
742 99.933333
743 99.933333
744 99.933333
745 99.966667
746 99.966667
747 99.966667
748 99.966667
749 99.966667
750 99.966667
751 99.966667
752 99.966667
753 99.966667
754 99.966667
755 99.966667
756 99.966667
757 99.966667
758 99.966667
759 99.966667
760 99.966667
761 99.966667
762 99.966667
763 99.966667
764 99.966667
765 99.966667
766 99.966667
767 99.966667
768 99.966667
769 99.966667
770 99.966667
771 99.966667
772 99.966667
773 99.966667
774 99.966667
775 99.966667
776 99.966667
777 99.966667
778 99.966667
779 99.966667
780 99.966667
781 99.966667
782 99.966667
783 99.966667
784 99.966667
785 99.966667
786 99.966667
787 99.966667
788 99.966667
789 99.966667
790 99.966667
791 99.966667
792 99.966667
793 99.966667
794 99.966667
795 99.966667
796 99.966667
797 99.966667
798 99.966667
799 99.966667
800 99.966667
801 99.966667
802 99.966667
803 99.966667
804 99.966667
805 99.966667
806 99.966667
807 99.966667
808 99.966667
809 99.966667
810 99.966667
811 99.966667
812 99.966667
813 99.966667
814 99.966667
815 99.966667
816 99.966667
817 99.966667
818 99.966667
819 99.966667
820 99.966667
821 99.966667
822 99.966667
823 99.966667
824 100.000000
825 100.000000
826 100.000000
827 100.000000
828 100.000000
829 100.000000
830 100.000000
831 100.000000
832 100.000000
833 100.000000
834 100.000000
835 100.000000
836 100.000000
837 100.000000
838 100.000000
839 100.000000
840 100.000000
841 100.000000
842 100.000000
843 100.000000
844 100.000000
845 100.000000
846 100.000000
847 100.000000
848 100.000000
849 100.000000
850 100.000000
851 100.000000
852 100.000000
853 100.000000
854 100.000000
855 100.000000
856 100.000000
857 100.000000
858 100.000000
859 100.000000
860 100.000000
861 100.000000
862 100.000000
863 100.000000
864 100.000000
865 100.000000
866 100.000000
867 100.000000
868 100.000000
869 100.000000
870 100.000000
871 100.000000
872 100.000000
873 100.000000
874 100.000000
875 100.000000
876 100.000000
877 100.000000
878 100.000000
879 100.000000
880 100.000000
881 100.000000
882 100.000000
883 100.000000
884 100.000000
885 100.000000
886 100.000000
887 100.000000
888 100.000000
889 100.000000
890 100.000000
891 100.000000
892 100.000000
893 100.000000
894 100.000000
895 100.000000
896 100.000000
897 100.000000
898 100.000000
899 100.000000
900 100.000000
901 100.000000
902 100.000000
903 100.000000
904 100.000000
905 100.000000
906 100.000000
907 100.000000
908 100.000000
909 100.000000
910 100.000000
911 100.000000
912 100.000000
913 100.000000
914 100.000000
915 100.000000
916 100.000000
917 100.000000
918 100.000000
919 100.000000
920 100.000000
921 100.000000
922 100.000000
923 100.000000
924 100.000000
925 100.000000
926 100.000000
927 100.000000
928 100.000000
929 100.000000
930 100.000000
931 100.000000
932 100.000000
933 100.000000
934 100.000000
935 100.000000
936 100.000000
937 100.000000
938 100.000000
939 100.000000
940 100.000000
941 100.000000
942 100.000000
943 100.000000
944 100.000000
945 100.000000
946 100.000000
947 100.000000
948 100.000000
949 100.000000
950 100.000000
951 100.000000
952 100.000000
953 100.000000
954 100.000000
955 100.000000
956 100.000000
957 100.000000
958 100.000000
959 100.000000
960 100.000000
961 100.000000
962 100.000000
963 100.000000
964 100.000000
965 100.000000
966 100.000000
967 100.000000
968 100.000000
969 100.000000
970 100.000000
971 100.000000
972 100.000000
973 100.000000
974 100.000000
975 100.000000
976 100.000000
977 100.000000
978 100.000000
979 100.000000
980 100.000000
981 100.000000
982 100.000000
983 100.000000
984 100.000000
985 100.000000
986 100.000000
987 100.000000
988 100.000000
989 100.000000
990 100.000000
991 100.000000
992 100.000000
993 100.000000
994 100.000000
995 100.000000
996 100.000000
997 100.000000
998 100.000000
999 100.000000
1000 100.000000
