0 0
5 5
10 6
15 7
20 10
25 10
30 12
35 12
40 12
45 12
50 13
55 14
60 14
65 14
70 14
75 15
80 15
85 15
90 15
95 17
100 17
105 17
110 17
115 17
120 17
125 17
130 17
135 17
140 17
145 17
150 17
155 17
160 17
165 17
170 17
175 17
180 21
185 21
190 21
195 21
200 21
205 21
210 21
215 21
220 21
225 21
230 21
235 21
240 21
245 21
250 21
255 21
260 21
265 21
270 21
275 21
280 21
285 21
290 21
295 21
300 21
305 21
310 22
315 22
320 22
325 22
330 22
335 22
340 22
345 22
350 22
355 22
360 22
365 22
370 22
375 22
380 22
385 22
390 22
395 22
400 22
405 22
410 22
415 22
420 22
425 22
430 22
435 22
440 22
445 22
450 22
455 23
460 23
465 23
470 23
475 23
480 23
485 23
490 23
495 23
500 23
505 23
510 23
515 23
520 23
525 23
530 23
535 23
540 23
545 23
550 23
555 23
560 23
565 23
570 23
575 23
580 23
585 23
590 23
595 23
600 23
605 23
610 23
615 23
620 23
625 23
630 23
635 23
640 23
645 23
650 23
655 25
660 25
665 25
670 25
675 25
680 25
685 25
690 25
695 25
700 25
705 25
710 25
715 25
720 25
725 25
730 25
735 25
740 25
745 25
750 25
755 25
760 25
765 25
770 25
775 25
780 25
785 25
790 25
795 26
800 26
805 26
810 26
815 26
820 26
825 26
830 26
835 26
840 26
845 26
850 26
855 26
860 26
865 26
870 26
875 26
880 26
885 26
890 26
895 26
900 26
905 26
910 26
915 26
920 26
925 26
930 26
935 26
940 26
945 26
950 26
955 26
960 26
965 26
970 26
975 26
980 26
985 26
990 26
995 26
1000 26
1005 26
1010 26
1015 26
1020 26
1025 26
1030 26
1035 26
1040 26
1045 26
1050 26
1055 26
1060 26
1065 26
1070 26
1075 26
1080 26
1085 26
1090 26
1095 26
1100 26
1105 26
1110 26
1115 26
1120 26
1125 26
1130 26
1135 26
1140 26
1145 26
1150 26
1155 26
1160 26
1165 26
1170 26
1175 26
1180 26
1185 26
1190 26
1195 26
1200 26
1205 26
1210 26
1215 26
1220 26
1225 26
1230 26
1235 26
1240 26
1245 26
1250 26
1255 26
1260 26
1265 26
1270 26
1275 26
1280 26
1285 26
1290 26
1295 26
1300 26
1305 26
1310 26
1315 26
1320 26
1325 26
1330 26
1335 26
1340 26
1345 26
1350 26
1355 26
1360 26
1365 26
1370 26
1375 26
1380 26
1385 26
1390 26
1395 26
1400 26
1405 26
1410 26
1415 26
1420 26
1425 26
1430 26
1435 26
1440 26
1445 26
1450 26
1455 26
1460 26
1465 26
1470 26
1475 26
1480 26
1485 26
1490 26
1495 26
1500 26
1505 26
1510 26
1515 26
1520 26
1525 26
1530 26
1535 26
1540 26
1545 26
1550 26
1555 26
1560 26
1565 26
1570 26
1575 26
1580 26
1585 26
1590 26
1595 26
1600 26
1605 26
1610 26
1615 26
1620 26
1625 26
1630 26
1635 26
1640 26
1645 26
1650 26
1655 26
1660 26
1665 26
1670 26
1675 26
1680 26
1685 26
1690 26
1695 26
1700 26
1705 26
1710 26
1715 26
1720 26
1725 26
1730 26
1735 26
1740 26
1745 26
1750 26
1755 26
1760 26
1765 26
1770 26
1775 26
1780 26
1785 26
1790 26
1795 26
1800 26
1805 27
1810 27
1815 27
1820 27
1825 27
1830 27
1835 27
1840 27
1845 27
1850 27
1855 27
1860 27
1865 27
1870 27
1875 27
1880 27
1885 27
1890 27
1895 27
1900 27
1905 27
1910 27
1915 27
1920 27
1925 27
1930 27
1935 27
1940 27
1945 27
1950 27
1955 27
1960 27
1965 27
1970 27
1975 27
1980 27
1985 27
1990 27
1995 27
2000 27
2005 27
2010 27
2015 27
2020 27
2025 27
2030 27
2035 27
2040 27
2045 27
2050 27
2055 27
2060 27
2065 27
2070 27
2075 27
2080 27
2085 27
2090 27
2095 27
2100 27
2105 27
2110 27
2115 27
2120 27
2125 27
2130 27
2135 27
2140 27
2145 27
2150 27
2155 27
2160 27
2165 27
2170 27
2175 27
2180 27
2185 27
2190 27
2195 27
2200 27
2205 27
2210 27
2215 27
2220 27
2225 27
2230 27
2235 27
2240 27
2245 27
2250 27
2255 27
2260 27
2265 28
2270 28
2275 28
2280 28
2285 28
2290 28
2295 28
2300 28
2305 28
2310 28
2315 28
2320 28
2325 28
2330 28
2335 28
2340 28
2345 28
2350 28
2355 28
2360 28
2365 28
2370 28
2375 28
2380 28
2385 28
2390 28
2395 28
2400 28
2405 28
2410 28
2415 28
2420 28
2425 28
2430 28
2435 28
2440 28
2445 28
2450 28
2455 28
2460 28
2465 28
2470 28
2475 28
2480 28
2485 28
2490 28
2495 28
2500 28
2505 28
2510 28
2515 28
2520 28
2525 28
2530 28
2535 28
2540 28
2545 28
2550 28
2555 28
2560 28
2565 28
2570 28
2575 28
2580 28
2585 28
2590 28
2595 28
2600 28
2605 28
2610 28
2615 28
2620 28
2625 28
2630 28
2635 28
2640 28
2645 28
2650 28
2655 28
2660 28
2665 28
2670 28
2675 28
2680 28
2685 28
2690 28
2695 28
2700 28
2705 28
2710 28
2715 28
2720 28
2725 28
2730 28
2735 28
2740 28
2745 28
2750 28
2755 28
2760 28
2765 28
2770 28
2775 28
2780 28
2785 28
2790 28
2795 28
2800 28
2805 28
2810 28
2815 28
2820 28
2825 28
2830 28
2835 28
2840 28
2845 28
2850 28
2855 28
2860 28
2865 28
2870 28
2875 28
2880 28
2885 28
2890 28
2895 28
2900 28
2905 28
2910 28
2915 28
2920 28
2925 28
2930 28
2935 28
2940 28
2945 28
2950 28
2955 28
2960 28
2965 28
2970 28
2975 28
2980 28
2985 28
2990 28
2995 28
3000 28
3005 28
3010 28
3015 28
3020 28
3025 28
3030 28
3035 28
3040 28
3045 28
3050 28
3055 28
3060 28
3065 28
3070 28
3075 28
3080 28
3085 28
3090 28
3095 28
3100 28
3105 28
3110 28
3115 28
3120 28
3125 28
3130 28
3135 28
3140 28
3145 28
3150 28
3155 28
3160 28
3165 28
3170 28
3175 28
3180 28
3185 28
3190 28
3195 28
3200 28
3205 28
3210 28
3215 28
3220 28
3225 28
3230 28
3235 28
3240 28
3245 28
3250 28
3255 28
3260 28
3265 28
3270 28
3275 28
3280 28
3285 28
3290 28
3295 28
3300 28
3305 28
3310 28
3315 28
3320 28
3325 28
3330 28
3335 28
3340 28
3345 28
3350 28
3355 28
3360 28
3365 28
3370 28
3375 28
3380 28
3385 28
3390 28
3395 28
3400 28
3405 28
3410 28
3415 28
3420 28
3425 28
3430 28
3435 28
3440 28
3445 28
3450 28
3455 28
3460 28
3465 28
3470 28
3475 28
3480 28
3485 28
3490 28
3495 28
3500 28
3505 28
3510 28
3515 28
3520 28
3525 28
3530 28
3535 28
3540 28
3545 28
3550 28
3555 28
3560 28
3565 28
3570 28
3575 28
3580 28
3585 28
3590 28
3595 28
3600 28
3605 28
3610 28
3615 28
3620 28
3625 28
3630 28
3635 28
3640 28
3645 28
3650 28
3655 28
3660 28
3665 28
3670 28
3675 28
3680 28
3685 28
3690 28
3695 28
3700 28
3705 28
3710 28
3715 28
3720 28
3725 28
3730 28
3735 28
3740 28
3745 28
3750 28
3755 28
3760 28
3765 28
3770 28
3775 28
3780 28
3785 28
3790 28
3795 28
3800 28
3805 28
3810 28
3815 28
3820 28
3825 28
3830 28
3835 28
3840 28
3845 28
3850 28
3855 28
3860 28
3865 28
3870 28
3875 28
3880 28
3885 28
3890 28
3895 28
3900 28
3905 28
3910 28
3915 28
3920 28
3925 28
3930 28
3935 28
3940 28
3945 28
3950 28
3955 28
3960 28
3965 28
3970 28
3975 28
3980 28
3985 28
3990 28
3995 28
4000 28
4005 28
4010 28
4015 28
4020 28
4025 28
4030 28
4035 28
4040 28
4045 28
4050 28
4055 28
4060 28
4065 28
4070 28
4075 28
4080 28
4085 28
4090 28
4095 28
4100 28
4105 28
4110 28
4115 28
4120 28
4125 28
4130 28
4135 28
4140 28
4145 28
4150 28
4155 28
4160 28
4165 28
4170 28
4175 28
4180 28
4185 28
4190 28
4195 28
4200 28
4205 28
4210 28
4215 28
4220 28
4225 28
4230 28
4235 28
4240 28
4245 28
4250 28
4255 28
4260 28
4265 28
4270 28
4275 28
4280 28
4285 28
4290 28
4295 28
4300 28
4305 28
4310 28
4315 28
4320 28
4325 28
4330 28
4335 28
4340 28
4345 28
4350 28
4355 28
4360 28
4365 28
4370 28
4375 28
4380 28
4385 28
4390 28
4395 28
4400 28
4405 28
4410 28
4415 28
4420 28
4425 28
4430 28
4435 28
4440 28
4445 28
4450 28
4455 28
4460 28
4465 28
4470 28
4475 28
4480 28
4485 28
4490 28
4495 28
4500 28
4505 28
4510 28
4515 28
4520 28
4525 28
4530 28
4535 28
4540 28
4545 28
4550 28
4555 28
4560 28
4565 28
4570 28
4575 28
4580 28
4585 28
4590 28
4595 28
4600 28
4605 28
4610 28
4615 28
4620 28
4625 28
4630 28
4635 28
4640 28
4645 28
4650 28
4655 28
4660 28
4665 28
4670 28
4675 28
4680 28
4685 28
4690 28
4695 28
4700 28
4705 28
4710 28
4715 28
4720 28
4725 28
4730 28
4735 28
4740 28
4745 28
4750 28
4755 28
4760 28
4765 28
4770 28
4775 28
4780 28
4785 28
4790 28
4795 28
4800 28
4805 28
4810 28
4815 28
4820 29
4825 29
4830 29
4835 29
4840 29
4845 29
4850 29
4855 29
4860 29
4865 29
4870 29
4875 29
4880 29
4885 29
4890 29
4895 29
4900 29
4905 29
4910 29
4915 29
4920 29
4925 29
4930 29
4935 29
4940 29
4945 29
4950 29
4955 29
4960 29
4965 29
4970 29
4975 29
4980 29
4985 29
4990 29
4995 29
5000 29
5005 29
5010 29
5015 29
5020 29
5025 29
5030 29
5035 29
5040 29
5045 29
5050 29
5055 29
5060 29
5065 29
5070 29
5075 29
5080 29
5085 29
5090 29
5095 29
5100 29
5105 29
5110 29
5115 29
5120 29
5125 29
5130 29
5135 29
5140 29
5145 29
5150 29
5155 29
5160 29
5165 29
5170 29
5175 29
5180 29
5185 29
5190 29
5195 29
5200 29
5205 29
5210 29
5215 29
5220 29
5225 29
5230 29
5235 29
5240 29
5245 29
5250 29
5255 29
5260 29
5265 29
5270 29
5275 29
5280 29
5285 29
5290 29
5295 29
5300 29
5305 29
5310 29
5315 29
5320 29
5325 29
5330 29
5335 29
5340 29
5345 29
5350 29
5355 29
5360 29
5365 29
5370 29
5375 29
5380 29
5385 29
5390 29
5395 29
5400 29
5405 29
5410 29
5415 29
5420 29
5425 29
5430 29
5435 29
5440 29
5445 29
5450 29
5455 29
5460 29
5465 29
5470 29
5475 29
5480 29
5485 29
5490 29
5495 29
5500 29
5505 29
5510 29
5515 29
5520 29
5525 29
5530 29
5535 29
5540 29
5545 29
5550 29
5555 29
5560 29
5565 29
5570 29
5575 29
5580 29
5585 29
5590 29
5595 29
5600 29
5605 29
5610 29
5615 29
5620 29
5625 29
5630 29
5635 29
5640 29
5645 29
5650 29
5655 29
5660 29
5665 29
5670 29
5675 29
5680 29
5685 29
5690 29
5695 29
5700 29
5705 29
5710 29
5715 29
5720 29
5725 29
5730 29
5735 29
5740 29
5745 29
5750 29
5755 29
5760 29
5765 29
5770 29
5775 29
5780 29
5785 29
5790 29
5795 29
5800 29
5805 29
5810 29
5815 29
5820 29
5825 29
5830 29
5835 29
5840 29
5845 29
5850 29
5855 29
5860 29
5865 29
5870 29
5875 29
5880 29
5885 29
5890 29
5895 29
5900 29
5905 29
5910 29
5915 29
5920 29
5925 29
5930 29
5935 29
5940 29
5945 29
5950 29
5955 29
5960 29
5965 29
5970 29
5975 29
5980 29
5985 29
5990 29
5995 29
6000 29
6005 29
6010 29
6015 29
6020 29
6025 29
6030 29
6035 29
6040 29
6045 29
6050 29
6055 29
6060 29
6065 29
6070 29
6075 29
6080 29
6085 29
6090 29
6095 29
6100 29
6105 29
6110 29
6115 29
6120 29
6125 29
6130 29
6135 29
6140 29
6145 29
6150 29
6155 29
6160 29
6165 29
6170 29
6175 29
6180 29
6185 29
6190 29
6195 29
6200 29
6205 29
6210 29
6215 29
6220 29
6225 29
6230 29
6235 29
6240 29
6245 29
6250 29
6255 29
6260 29
6265 29
6270 29
6275 29
6280 29
6285 29
6290 29
6295 29
6300 29
6305 29
6310 29
6315 29
6320 29
6325 29
6330 29
6335 29
6340 29
6345 29
6350 29
6355 29
6360 29
6365 29
6370 29
6375 29
6380 29
6385 29
6390 29
6395 29
6400 29
6405 29
6410 29
6415 29
6420 29
6425 29
6430 29
6435 29
6440 29
6445 29
6450 29
6455 29
6460 29
6465 29
6470 29
6475 29
6480 29
6485 29
6490 29
6495 29
6500 29
6505 29
6510 29
6515 29
6520 29
6525 29
6530 29
6535 29
6540 29
6545 29
6550 29
6555 29
6560 29
6565 29
6570 29
6575 29
6580 29
6585 29
6590 29
6595 29
6600 29
6605 29
6610 29
6615 29
6620 29
6625 29
6630 29
6635 29
6640 29
6645 29
6650 29
6655 29
6660 29
6665 29
6670 29
6675 29
6680 29
6685 29
6690 29
6695 29
6700 29
6705 29
6710 29
6715 29
6720 29
6725 29
6730 29
6735 29
6740 29
6745 29
6750 29
6755 29
6760 29
6765 29
6770 29
6775 29
6780 29
6785 29
6790 29
6795 29
6800 29
6805 29
6810 29
6815 29
6820 29
6825 29
6830 29
6835 29
6840 29
6845 29
6850 29
6855 29
6860 29
6865 29
6870 29
6875 29
6880 29
6885 29
6890 29
6895 29
6900 29
6905 29
6910 29
6915 29
6920 29
6925 29
6930 29
6935 29
6940 29
6945 29
6950 29
6955 29
6960 29
6965 29
6970 29
6975 29
6980 29
6985 29
6990 29
6995 29
7000 29
7005 29
7010 29
7015 29
7020 29
7025 29
7030 29
7035 29
7040 29
7045 29
7050 29
7055 29
7060 29
7065 29
7070 29
7075 29
7080 29
7085 29
7090 29
7095 29
7100 29
7105 29
7110 29
7115 29
7120 29
7125 29
7130 29
7135 29
7140 29
7145 29
7150 29
7155 29
7160 29
7165 29
7170 29
7175 29
7180 29
7185 29
7190 29
7195 29
7200 29
7205 29
7210 29
7215 29
7220 29
7225 29
7230 29
7235 29
7240 29
7245 29
7250 29
7255 29
7260 29
7265 29
7270 29
7275 29
7280 29
7285 29
7290 29
7295 29
7300 29
7305 29
7310 29
7315 29
7320 29
7325 29
7330 29
7335 29
7340 29
7345 29
7350 29
7355 29
7360 29
7365 29
7370 29
7375 29
7380 29
7385 29
7390 29
7395 29
7400 29
7405 29
7410 29
7415 29
7420 29
7425 29
7430 29
7435 29
7440 29
7445 29
7450 29
7455 29
7460 29
7465 29
7470 29
7475 29
7480 29
7485 29
7490 29
7495 29
7500 29
7505 29
7510 29
7515 29
7520 29
7525 29
7530 29
7535 29
7540 29
7545 29
7550 29
7555 29
7560 29
7565 29
7570 29
7575 29
7580 29
7585 29
7590 29
7595 29
7600 29
7605 29
7610 29
7615 29
7620 29
7625 29
7630 29
7635 29
7640 29
7645 29
7650 29
7655 29
7660 29
7665 29
7670 29
7675 29
7680 29
7685 29
7690 29
7695 29
7700 29
7705 29
7710 29
7715 29
7720 29
7725 29
7730 29
7735 29
7740 29
7745 29
7750 29
7755 29
7760 29
7765 29
7770 29
7775 29
7780 29
7785 29
7790 29
7795 29
7800 29
7805 29
7810 29
7815 29
7820 29
7825 29
7830 29
7835 29
7840 29
7845 29
7850 29
7855 29
7860 29
7865 29
7870 29
7875 29
7880 29
7885 29
7890 29
7895 30
7900 30
7905 30
7910 30
7915 30
7920 30
7925 30
7930 30
7935 30
7940 30
7945 30
7950 30
7955 30
7960 30
7965 30
7970 30
7975 30
7980 30
7985 30
7990 30
7995 30
8000 30
8005 30
8010 30
8015 30
8020 30
8025 30
8030 30
8035 30
8040 30
8045 30
8050 30
8055 30
8060 30
8065 30
8070 30
8075 30
8080 30
8085 30
8090 30
8095 30
8100 30
8105 30
8110 30
8115 30
8120 30
8125 30
8130 30
8135 30
8140 30
8145 30
8150 30
8155 30
8160 30
8165 30
8170 30
8175 30
8180 30
8185 30
8190 30
8195 30
8200 30
8205 30
8210 30
8215 30
8220 30
8225 30
8230 30
8235 30
8240 30
8245 30
8250 30
8255 30
8260 30
8265 30
8270 30
8275 30
8280 30
8285 30
8290 30
8295 30
8300 30
8305 30
8310 30
8315 30
8320 30
8325 30
8330 30
8335 30
8340 30
8345 30
8350 30
8355 30
8360 30
8365 30
8370 30
8375 30
8380 30
8385 30
8390 30
8395 30
8400 30
8405 30
8410 30
8415 30
8420 30
8425 30
8430 30
8435 30
8440 30
8445 30
8450 30
8455 30
8460 30
8465 30
8470 30
8475 30
8480 30
8485 30
8490 30
8495 30
8500 30
8505 30
8510 30
8515 30
8520 30
8525 30
8530 30
8535 30
8540 30
8545 30
8550 30
8555 30
8560 30
8565 30
8570 30
8575 30
8580 30
8585 30
8590 30
8595 30
8600 30
8605 30
8610 30
8615 30
8620 30
8625 30
8630 30
8635 30
8640 30
8645 30
8650 30
8655 30
8660 30
8665 30
8670 30
8675 30
8680 30
8685 30
8690 30
8695 30
8700 30
8705 30
8710 30
8715 30
8720 30
8725 30
8730 30
8735 30
8740 30
8745 30
8750 30
8755 30
8760 30
8765 30
8770 30
8775 30
8780 30
8785 30
8790 30
8795 30
8800 30
8805 30
8810 30
8815 30
8820 30
8825 30
8830 30
8835 30
8840 30
8845 30
8850 30
8855 30
8860 30
8865 30
8870 30
8875 30
8880 30
8885 30
8890 30
8895 30
8900 30
8905 30
8910 30
8915 30
8920 30
8925 30
8930 30
8935 30
8940 30
8945 30
8950 30
8955 30
8960 30
8965 30
8970 30
8975 30
8980 30
8985 30
8990 30
8995 30
9000 30
9005 30
9010 30
9015 30
9020 30
9025 30
9030 30
9035 30
9040 30
9045 30
9050 30
9055 30
9060 30
9065 30
9070 30
9075 30
9080 30
9085 30
9090 30
9095 30
9100 30
9105 30
9110 30
9115 30
9120 30
9125 30
9130 30
9135 30
9140 30
9145 30
9150 30
9155 30
9160 30
9165 30
9170 30
9175 30
9180 30
9185 30
9190 30
9195 30
9200 30
9205 30
9210 30
9215 30
9220 30
9225 30
9230 30
9235 30
9240 30
9245 30
9250 30
9255 30
9260 30
9265 30
9270 30
9275 30
9280 30
9285 30
9290 30
9295 30
9300 30
9305 30
9310 30
9315 30
9320 30
9325 30
9330 30
9335 30
9340 30
9345 30
9350 30
9355 30
9360 30
9365 30
9370 30
9375 30
9380 30
9385 30
9390 30
9395 30
9400 30
9405 30
9410 30
9415 30
9420 30
9425 30
9430 30
9435 30
9440 30
9445 30
9450 30
9455 30
9460 30
9465 30
9470 30
9475 30
9480 30
9485 30
9490 30
9495 30
9500 30
9505 30
9510 30
9515 30
9520 30
9525 30
9530 30
9535 30
9540 30
9545 30
9550 30
9555 30
9560 30
9565 30
9570 30
9575 30
9580 30
9585 30
9590 30
9595 30
9600 30
9605 30
9610 30
9615 30
9620 30
9625 30
9630 30
9635 30
9640 30
9645 30
9650 30
9655 30
9660 30
9665 30
9670 30
9675 30
9680 30
9685 30
9690 30
9695 30
9700 30
9705 30
9710 30
9715 30
9720 30
9725 30
9730 30
9735 30
9740 30
9745 30
9750 30
9755 30
9760 30
9765 30
9770 30
9775 30
9780 30
9785 30
9790 30
9795 30
9800 30
9805 30
9810 30
9815 30
9820 30
9825 30
9830 30
9835 30
9840 30
9845 30
9850 30
9855 30
9860 30
9865 30
9870 30
9875 30
9880 30
9885 30
9890 30
9895 30
9900 30
9905 30
9910 30
9915 30
9920 30
9925 30
9930 30
9935 30
9940 30
9945 30
9950 30
9955 30
9960 30
9965 30
9970 30
9975 30
9980 30
9985 30
9990 30
9995 30
10000 30
10005 30
10010 30
10015 30
10020 30
10025 30
10030 30
10035 30
10040 30
10045 30
10050 30
10055 30
10060 30
10065 30
10070 30
10075 30
10080 30
10085 30
10090 30
10095 30
10100 30
10105 30
10110 30
10115 30
10120 30
10125 30
10130 30
10135 30
10140 30
10145 30
10150 30
10155 30
10160 30
10165 30
10170 30
10175 30
10180 30
10185 30
10190 30
10195 30
10200 30
10205 30
10210 30
10215 30
10220 30
10225 30
10230 30
10235 30
10240 30
10245 30
10250 30
10255 30
10260 30
10265 30
10270 30
10275 30
10280 30
10285 30
10290 30
10295 30
10300 30
10305 30
10310 30
10315 30
10320 30
10325 30
10330 30
10335 30
10340 30
10345 30
10350 30
10355 30
10360 30
10365 30
10370 30
10375 30
10380 30
10385 30
10390 30
10395 30
10400 30
10405 30
10410 30
10415 30
10420 30
10425 30
10430 30
10435 30
10440 30
10445 30
10450 30
10455 30
10460 30
10465 30
10470 30
10475 30
10480 30
10485 30
10490 30
10495 30
10500 30
10505 30
10510 30
10515 30
10520 30
10525 30
10530 30
10535 30
10540 30
10545 30
10550 30
10555 30
10560 30
10565 30
10570 30
10575 30
10580 30
10585 30
10590 30
10595 30
10600 30
10605 30
10610 30
10615 30
10620 30
10625 30
10630 30
10635 30
10640 30
10645 30
10650 30
10655 30
10660 30
10665 30
10670 30
10675 30
10680 30
10685 30
10690 30
10695 30
10700 30
10705 30
10710 30
10715 30
10720 30
10725 30
10730 30
10735 30
10740 30
10745 30
10750 30
10755 30
10760 30
10765 30
10770 30
10775 30
10780 30
10785 30
10790 30
10795 30
10800 30
10805 30
10810 30
10815 30
10820 30
10825 30
10830 30
10835 30
10840 30
10845 30
10850 30
10855 30
10860 30
10865 30
10870 30
10875 30
10880 30
10885 30
10890 30
10895 30
10900 30
10905 30
10910 30
10915 30
10920 30
10925 30
10930 30
10935 30
10940 30
10945 30
10950 30
10955 30
10960 30
10965 30
10970 30
10975 30
10980 30
10985 30
10990 30
10995 30
11000 30
11005 30
11010 30
11015 30
11020 30
11025 30
11030 30
11035 30
11040 30
11045 30
11050 30
11055 30
11060 30
11065 30
11070 30
11075 30
11080 30
11085 30
11090 30
11095 30
11100 30
11105 30
11110 30
11115 30
11120 30
11125 30
11130 30
11135 30
11140 30
11145 30
11150 30
11155 30
11160 30
11165 30
11170 30
11175 30
11180 30
11185 30
11190 30
11195 30
11200 30
11205 30
11210 30
11215 30
11220 30
11225 30
11230 30
11235 30
11240 30
11245 30
11250 30
11255 30
11260 30
11265 30
11270 30
11275 30
11280 30
11285 30
11290 30
11295 30
11300 30
11305 30
11310 30
11315 30
11320 30
11325 30
11330 30
11335 30
11340 30
11345 30
11350 30
11355 30
11360 30
11365 30
11370 30
11375 30
11380 30
11385 30
11390 30
11395 30
11400 30
11405 30
11410 30
11415 30
11420 30
11425 30
11430 30
11435 30
11440 30
11445 30
11450 30
11455 30
11460 30
11465 30
11470 30
11475 30
11480 30
11485 30
11490 30
11495 30
11500 30
11505 30
11510 30
11515 30
11520 30
11525 30
11530 30
11535 30
11540 30
11545 30
11550 30
11555 30
11560 30
11565 30
11570 30
11575 30
11580 30
11585 30
11590 30
11595 30
11600 30
11605 30
11610 30
11615 30
11620 30
11625 30
11630 30
11635 30
11640 30
11645 30
11650 30
11655 30
11660 30
11665 30
11670 30
11675 30
11680 30
11685 30
11690 30
11695 30
11700 30
11705 30
11710 30
11715 30
11720 30
11725 30
11730 30
11735 30
11740 30
11745 30
11750 30
11755 30
11760 30
11765 30
11770 30
11775 30
11780 30
11785 30
11790 30
11795 30
11800 30
11805 30
11810 30
11815 30
11820 30
11825 30
11830 30
11835 30
11840 30
11845 30
11850 30
11855 30
11860 30
11865 30
11870 30
11875 30
11880 30
11885 30
11890 30
11895 30
11900 30
11905 30
11910 30
11915 30
11920 30
11925 30
11930 30
11935 30
11940 30
11945 30
11950 30
11955 30
11960 30
11965 30
11970 30
11975 30
11980 30
11985 30
11990 30
11995 30
12000 30
12005 30
12010 30
12015 30
12020 30
12025 30
12030 30
12035 30
12040 30
12045 30
12050 30
12055 30
12060 30
12065 30
12070 30
12075 30
12080 30
12085 30
12090 30
12095 30
12100 30
12105 30
12110 30
12115 30
12120 30
12125 30
12130 30
12135 30
12140 30
12145 30
12150 30
12155 30
12160 30
12165 30
12170 30
12175 30
12180 30
12185 30
12190 30
12195 30
12200 30
12205 30
12210 30
12215 30
12220 30
12225 30
12230 30
12235 30
12240 30
12245 30
12250 30
12255 30
12260 30
12265 30
12270 30
12275 30
12280 30
12285 30
12290 30
12295 30
12300 30
12305 30
12310 30
12315 30
12320 30
12325 30
12330 30
12335 30
12340 30
12345 30
12350 30
12355 30
12360 30
12365 30
12370 30
12375 30
12380 30
12385 30
12390 30
12395 30
12400 30
12405 30
12410 30
12415 30
12420 30
12425 30
12430 30
12435 30
12440 30
12445 30
12450 30
12455 30
12460 30
12465 30
12470 30
12475 30
12480 30
12485 30
12490 30
12495 30
12500 30
12505 30
12510 30
12515 30
12520 30
12525 30
12530 30
12535 30
12540 30
12545 30
12550 30
12555 30
12560 30
12565 30
12570 30
12575 30
12580 30
12585 30
12590 30
12595 30
12600 30
12605 30
12610 30
12615 30
12620 30
12625 30
12630 30
12635 30
12640 30
12645 30
12650 30
12655 30
12660 30
12665 30
12670 30
12675 30
12680 30
12685 30
12690 30
12695 30
12700 30
12705 30
12710 30
12715 30
12720 30
12725 30
12730 30
12735 30
12740 30
12745 30
12750 30
12755 30
12760 30
12765 30
12770 30
12775 30
12780 30
12785 30
12790 30
12795 30
12800 30
12805 30
12810 30
12815 30
12820 30
12825 30
12830 30
12835 30
12840 30
12845 30
12850 30
12855 30
12860 30
12865 30
12870 30
12875 30
12880 30
12885 30
12890 30
12895 30
12900 30
12905 30
12910 30
12915 30
12920 30
12925 30
12930 30
12935 30
12940 30
12945 30
12950 30
12955 30
12960 30
12965 30
12970 30
12975 30
12980 30
12985 30
12990 30
12995 30
13000 30
13005 30
13010 30
13015 30
13020 30
13025 30
13030 30
13035 30
13040 30
13045 30
13050 30
13055 30
13060 30
13065 30
13070 30
13075 30
13080 30
13085 30
13090 30
13095 30
13100 30
13105 30
13110 30
13115 30
13120 30
13125 30
13130 30
13135 30
13140 30
13145 30
13150 30
13155 30
13160 30
13165 30
13170 30
13175 30
13180 30
13185 30
13190 30
13195 30
13200 30
13205 30
13210 30
13215 30
13220 30
13225 30
13230 30
13235 30
13240 30
13245 30
13250 30
13255 30
13260 30
13265 30
13270 30
13275 30
13280 30
13285 30
13290 30
13295 30
13300 30
13305 30
13310 30
13315 30
13320 30
13325 30
13330 30
13335 30
13340 30
13345 30
13350 30
13355 30
13360 30
13365 30
13370 30
13375 30
13380 30
13385 30
13390 30
13395 30
13400 30
13405 30
13410 30
13415 30
13420 30
13425 30
13430 30
13435 30
13440 30
13445 30
13450 30
13455 30
13460 30
13465 30
13470 30
13475 30
13480 30
13485 30
13490 30
13495 30
13500 30
13505 30
13510 30
13515 30
13520 30
13525 30
13530 30
13535 30
13540 30
13545 30
13550 30
13555 30
13560 30
13565 30
13570 30
13575 30
13580 30
13585 30
13590 30
13595 30
13600 30
13605 30
13610 30
13615 30
13620 30
13625 30
13630 30
13635 30
13640 30
13645 30
13650 30
13655 30
13660 30
13665 30
13670 30
13675 30
13680 30
13685 30
13690 30
13695 30
13700 30
13705 30
13710 30
13715 30
13720 30
13725 30
13730 30
13735 30
13740 30
13745 30
13750 30
13755 30
13760 30
13765 30
13770 30
13775 30
13780 30
13785 30
13790 30
13795 30
13800 30
13805 30
13810 30
13815 30
13820 30
13825 30
13830 30
13835 30
13840 30
13845 30
13850 30
13855 30
13860 30
13865 30
13870 30
13875 30
13880 30
13885 30
13890 30
13895 30
13900 30
13905 30
13910 30
13915 30
13920 30
13925 30
13930 30
13935 30
13940 30
13945 30
13950 30
13955 30
13960 30
13965 30
13970 30
13975 30
13980 30
13985 30
13990 30
13995 30
14000 30
14005 30
14010 30
14015 30
14020 30
14025 30
14030 30
14035 30
14040 30
14045 30
14050 30
14055 30
14060 30
14065 30
14070 30
14075 30
14080 30
14085 30
14090 30
14095 30
14100 30
14105 30
14110 30
14115 30
14120 30
14125 30
14130 30
14135 30
14140 30
14145 30
14150 30
14155 30
14160 30
14165 30
14170 30
14175 30
14180 30
14185 30
14190 30
14195 30
14200 30
14205 30
14210 30
14215 30
14220 30
14225 30
14230 30
14235 30
14240 30
14245 30
14250 30
14255 30
14260 30
14265 30
14270 30
14275 30
14280 30
14285 30
14290 30
14295 30
14300 30
14305 30
14310 30
14315 30
14320 30
14325 30
14330 30
14335 30
14340 30
14345 30
14350 30
14355 30
14360 30
14365 30
14370 30
14375 30
14380 30
14385 30
14390 30
14395 30
14400 30
14405 30
14410 30
14415 30
14420 30
14425 30
14430 30
14435 30
14440 30
14445 30
14450 30
14455 30
14460 30
14465 30
14470 30
14475 30
14480 30
14485 30
14490 30
14495 30
14500 30
14505 30
14510 30
14515 30
14520 30
14525 30
14530 30
14535 30
14540 30
14545 30
14550 30
14555 30
14560 30
14565 30
14570 30
14575 30
14580 30
14585 30
14590 30
14595 30
14600 30
14605 30
14610 30
14615 30
14620 30
14625 30
14630 30
14635 30
14640 30
14645 30
14650 30
14655 30
14660 30
14665 30
14670 30
14675 30
14680 30
14685 30
14690 30
14695 30
14700 30
14705 30
14710 30
14715 30
14720 30
14725 30
14730 30
14735 30
14740 30
14745 30
14750 30
14755 30
14760 30
14765 30
14770 30
14775 30
14780 30
14785 30
14790 30
14795 30
14800 30
14805 30
14810 30
14815 30
14820 30
14825 30
14830 30
14835 30
14840 30
14845 30
14850 30
14855 30
14860 30
14865 30
14870 30
14875 30
14880 30
14885 30
14890 30
14895 30
14900 30
14905 30
14910 30
14915 30
14920 30
14925 30
14930 30
14935 30
14940 30
14945 30
14950 30
14955 30
14960 30
14965 30
14970 30
14975 30
14980 30
14985 30
14990 30
14995 30
15000 30
15005 30
15010 30
15015 30
15020 30
15025 30
15030 30
15035 30
15040 30
15045 30
15050 30
15055 30
15060 30
15065 30
15070 30
15075 30
15080 30
15085 30
15090 30
15095 30
15100 30
15105 30
15110 30
15115 30
15120 30
15125 30
15130 30
15135 30
15140 30
15145 30
15150 30
15155 30
15160 30
15165 30
15170 30
15175 30
15180 30
15185 30
15190 30
15195 30
15200 30
15205 30
15210 30
15215 30
15220 30
15225 30
15230 30
15235 30
15240 30
15245 30
15250 30
15255 30
15260 30
15265 30
15270 30
15275 30
15280 30
15285 30
15290 30
15295 30
15300 30
15305 30
15310 30
15315 30
15320 30
15325 30
15330 30
15335 30
15340 30
15345 30
15350 30
15355 30
15360 30
15365 30
15370 30
15375 30
15380 30
15385 30
15390 30
15395 30
15400 30
15405 30
15410 30
15415 30
15420 30
15425 30
15430 30
15435 30
15440 30
15445 30
15450 30
15455 30
15460 30
15465 30
15470 30
15475 30
15480 30
15485 30
15490 30
15495 30
15500 30
15505 30
15510 30
15515 30
15520 30
15525 30
15530 30
15535 30
15540 30
15545 30
15550 30
15555 30
15560 30
15565 30
15570 30
15575 30
15580 30
15585 30
15590 30
15595 30
15600 30
15605 30
15610 30
15615 30
15620 30
15625 30
15630 30
15635 30
15640 30
15645 30
15650 30
15655 30
15660 30
15665 30
15670 30
15675 30
15680 30
15685 30
15690 30
15695 30
15700 30
15705 30
15710 30
15715 30
15720 30
15725 30
15730 30
15735 30
15740 30
15745 30
15750 30
15755 30
15760 30
15765 30
15770 30
15775 30
15780 30
15785 30
15790 30
15795 30
15800 30
15805 30
15810 30
15815 30
15820 30
15825 30
15830 30
15835 30
15840 30
15845 30
15850 30
15855 30
15860 30
15865 30
15870 30
15875 30
15880 30
15885 30
15890 30
15895 30
15900 30
15905 30
15910 30
15915 30
15920 30
15925 30
15930 30
15935 30
15940 30
15945 30
15950 30
15955 30
15960 30
15965 30
15970 30
15975 30
15980 30
15985 30
15990 30
15995 30
16000 30
16005 30
16010 30
16015 30
16020 30
16025 30
16030 30
16035 30
16040 30
16045 30
16050 30
16055 30
16060 30
16065 30
16070 30
16075 30
16080 30
16085 30
16090 30
16095 30
16100 30
16105 30
16110 30
16115 30
16120 30
16125 30
16130 30
16135 30
16140 30
16145 30
16150 30
16155 30
16160 30
16165 30
16170 30
16175 30
16180 30
16185 30
16190 30
16195 30
16200 30
16205 30
16210 30
16215 30
16220 30
16225 30
16230 30
16235 30
16240 30
16245 30
16250 30
16255 30
16260 30
16265 30
16270 30
16275 30
16280 30
16285 30
16290 30
16295 30
16300 30
16305 30
16310 30
16315 30
16320 30
16325 30
16330 30
16335 30
16340 30
16345 30
16350 30
16355 30
16360 30
16365 30
16370 30
16375 30
16380 30
16385 30
16390 30
16395 30
16400 30
16405 30
16410 30
16415 30
16420 30
16425 30
16430 30
16435 30
16440 30
16445 30
16450 30
16455 30
16460 30
16465 30
16470 30
16475 30
16480 30
16485 30
16490 30
16495 30
16500 30
16505 30
16510 30
16515 30
16520 30
16525 30
16530 30
16535 30
16540 30
16545 30
16550 30
16555 30
16560 30
16565 30
16570 30
16575 30
16580 30
16585 30
16590 30
16595 30
16600 30
16605 30
16610 30
16615 30
16620 30
16625 30
16630 30
16635 30
16640 30
16645 30
16650 30
16655 30
16660 30
16665 30
16670 30
16675 30
16680 30
16685 30
16690 30
16695 30
16700 30
16705 30
16710 30
16715 30
16720 30
16725 30
16730 30
16735 30
16740 30
16745 30
16750 30
16755 30
16760 30
16765 30
16770 30
16775 30
16780 30
16785 30
16790 30
16795 30
16800 30
16805 30
16810 30
16815 30
16820 30
16825 30
16830 30
16835 30
16840 30
16845 30
16850 30
16855 30
16860 30
16865 30
16870 30
16875 30
16880 30
16885 30
16890 30
16895 30
16900 30
16905 30
16910 30
16915 30
16920 30
16925 30
16930 30
16935 30
16940 30
16945 30
16950 30
16955 30
16960 30
16965 30
16970 30
16975 30
16980 30
16985 30
16990 30
16995 30
17000 30
17005 30
17010 30
17015 30
17020 30
17025 30
17030 30
17035 30
17040 30
17045 30
17050 30
17055 30
17060 30
17065 30
17070 30
17075 30
17080 30
17085 30
17090 30
17095 30
17100 30
17105 30
17110 30
17115 30
17120 30
17125 30
17130 30
17135 30
17140 30
17145 30
17150 30
17155 30
17160 30
17165 30
17170 30
17175 30
17180 30
17185 30
17190 30
17195 30
17200 30
17205 30
17210 30
17215 30
17220 30
17225 30
17230 30
17235 30
17240 30
17245 30
17250 30
17255 30
17260 30
17265 30
17270 30
17275 30
17280 30
17285 30
17290 30
17295 30
17300 30
17305 30
17310 30
17315 30
17320 30
17325 30
17330 30
17335 30
17340 30
17345 30
17350 30
17355 30
17360 30
17365 30
17370 30
17375 30
17380 30
17385 30
17390 30
17395 30
17400 30
17405 30
17410 30
17415 30
17420 30
17425 30
17430 30
17435 30
17440 30
17445 30
17450 30
17455 30
17460 30
17465 30
17470 30
17475 30
17480 30
17485 30
17490 30
17495 30
17500 30
17505 30
17510 30
17515 30
17520 30
17525 30
17530 30
17535 30
17540 30
17545 30
17550 30
17555 30
17560 30
17565 30
17570 30
17575 30
17580 30
17585 30
17590 30
17595 30
17600 30
17605 30
17610 30
17615 30
17620 30
17625 30
17630 30
17635 30
17640 30
17645 30
17650 30
17655 30
17660 30
17665 30
17670 30
17675 30
17680 30
17685 30
17690 30
17695 30
17700 30
17705 30
17710 30
17715 30
17720 30
17725 30
17730 30
17735 30
17740 30
17745 30
17750 30
17755 30
17760 30
17765 30
17770 30
17775 30
17780 30
17785 30
17790 30
17795 30
17800 30
17805 30
17810 30
17815 30
17820 30
17825 30
17830 30
17835 30
17840 30
17845 30
17850 30
17855 30
17860 30
17865 30
17870 30
17875 30
17880 30
17885 30
17890 30
17895 30
17900 30
17905 30
17910 30
17915 30
17920 30
17925 30
17930 30
17935 30
17940 30
17945 30
17950 30
17955 30
17960 30
17965 30
17970 30
17975 30
17980 30
17985 30
17990 30
17995 30
18000 30
18005 30
18010 30
18015 30
18020 30
18025 30
18030 30
18035 30
18040 30
18045 30
18050 30
18055 30
18060 30
18065 30
18070 30
18075 30
18080 30
18085 30
18090 30
18095 30
18100 30
18105 30
18110 30
18115 30
18120 30
18125 30
18130 30
18135 30
18140 30
18145 30
18150 30
18155 30
18160 30
18165 30
18170 30
18175 30
18180 30
18185 30
18190 30
18195 30
18200 30
18205 30
18210 30
18215 30
18220 30
18225 30
18230 30
18235 30
18240 30
18245 30
18250 30
18255 30
18260 30
18265 30
18270 30
18275 30
18280 30
18285 30
18290 30
18295 30
18300 30
18305 30
18310 30
18315 30
18320 30
18325 30
18330 30
18335 30
18340 30
18345 30
18350 30
18355 30
18360 30
18365 30
18370 30
18375 30
18380 30
18385 30
18390 30
18395 30
18400 30
18405 30
18410 30
18415 30
18420 30
18425 30
18430 30
18435 30
18440 30
18445 30
18450 30
18455 30
18460 30
18465 30
18470 30
18475 30
18480 30
18485 30
18490 30
18495 30
18500 30
18505 30
18510 30
18515 30
18520 30
18525 30
18530 30
18535 30
18540 30
18545 30
18550 30
18555 30
18560 30
18565 30
18570 30
18575 30
18580 30
18585 30
18590 30
18595 30
18600 30
18605 30
18610 30
18615 30
18620 30
18625 30
18630 30
18635 30
18640 30
18645 30
18650 30
18655 30
18660 30
18665 30
18670 30
18675 30
18680 30
18685 30
18690 30
18695 30
18700 30
18705 30
18710 30
18715 30
18720 30
18725 30
18730 30
18735 30
18740 30
18745 30
18750 30
18755 30
18760 30
18765 30
18770 30
18775 30
18780 30
18785 30
18790 30
18795 30
18800 30
18805 30
18810 30
18815 30
18820 30
18825 30
18830 30
18835 30
18840 30
18845 30
18850 30
18855 30
18860 30
18865 30
18870 30
18875 30
18880 30
18885 30
18890 30
18895 30
18900 30
18905 30
18910 30
18915 30
18920 30
18925 30
18930 30
18935 30
18940 30
18945 30
18950 30
18955 30
18960 30
18965 30
18970 30
18975 30
18980 30
18985 30
18990 30
18995 30
19000 30
19005 30
19010 30
19015 30
19020 30
19025 30
19030 30
19035 30
19040 30
19045 30
19050 30
19055 30
19060 30
19065 30
19070 30
19075 30
19080 30
19085 30
19090 30
19095 30
19100 30
19105 30
19110 30
19115 30
19120 30
19125 30
19130 30
19135 30
19140 30
19145 30
19150 30
19155 30
19160 30
19165 30
19170 30
19175 30
19180 30
19185 30
19190 30
19195 30
19200 30
19205 30
19210 30
19215 30
19220 30
19225 30
19230 30
19235 30
19240 30
19245 30
19250 30
19255 30
19260 30
19265 30
19270 30
19275 30
19280 30
19285 30
19290 30
19295 30
19300 30
19305 30
19310 30
19315 30
19320 30
19325 30
19330 30
19335 30
19340 30
19345 30
19350 30
19355 30
19360 30
19365 30
19370 30
19375 30
19380 30
19385 30
19390 30
19395 30
19400 30
19405 30
19410 30
19415 30
19420 30
19425 30
19430 30
19435 30
19440 30
19445 30
19450 30
19455 30
19460 30
19465 30
19470 30
19475 30
19480 30
19485 30
19490 30
19495 30
19500 30
19505 30
19510 30
19515 30
19520 30
19525 30
19530 30
19535 30
19540 30
19545 30
19550 30
19555 30
19560 30
19565 30
19570 30
19575 30
19580 30
19585 30
19590 30
19595 30
19600 30
19605 30
19610 30
19615 30
19620 30
19625 30
19630 30
19635 30
19640 30
19645 30
19650 30
19655 30
19660 30
19665 30
19670 30
19675 30
19680 30
19685 30
19690 30
19695 30
19700 30
19705 30
19710 30
19715 30
19720 30
19725 30
19730 30
19735 30
19740 30
19745 30
19750 30
19755 30
19760 30
19765 30
19770 30
19775 30
19780 30
19785 30
19790 30
19795 30
19800 30
19805 30
19810 30
19815 30
19820 30
19825 30
19830 30
19835 30
19840 30
19845 30
19850 30
19855 30
19860 30
19865 30
19870 30
19875 30
19880 30
19885 30
19890 30
19895 30
19900 30
19905 30
19910 30
19915 30
19920 30
19925 30
19930 30
19935 30
19940 30
19945 30
19950 30
19955 30
19960 30
19965 30
19970 30
19975 30
19980 30
19985 30
19990 30
19995 30
20000 30
