0 0.000000
1 3.466667
2 6.000000
3 7.466667
4 9.100000
5 10.200000
6 10.966667
7 11.633333
8 12.233333
9 12.700000
10 13.366667
11 13.733333
12 14.166667
13 14.533333
14 14.733333
15 15.433333
16 16.066667
17 16.500000
18 17.033333
19 17.366667
20 17.566667
21 17.666667
22 17.700000
23 18.133333
24 18.233333
25 18.366667
26 18.500000
27 18.700000
28 18.800000
29 18.966667
30 19.200000
31 19.266667
32 19.300000
33 19.600000
34 19.666667
35 19.866667
36 20.233333
37 20.333333
38 20.333333
39 20.433333
40 20.533333
41 20.633333
42 20.766667
43 20.766667
44 20.833333
45 20.933333
46 21.100000
47 21.200000
48 21.233333
49 21.233333
50 21.233333
51 21.300000
52 21.300000
53 21.300000
54 21.333333
55 21.333333
56 21.400000
57 21.433333
58 21.533333
59 21.566667
60 21.633333
61 21.700000
62 21.800000
63 21.833333
64 21.900000
65 21.900000
66 22.000000
67 22.033333
68 22.066667
69 22.133333
70 22.266667
71 22.300000
72 22.366667
73 22.400000
74 22.533333
75 22.566667
76 22.566667
77 22.633333
78 22.666667
79 22.700000
80 22.800000
81 22.833333
82 22.933333
83 23.033333
84 23.066667
85 23.100000
86 23.133333
87 23.200000
88 23.300000
89 23.300000
90 23.333333
91 23.433333
92 23.433333
93 23.466667
94 23.466667
95 23.500000
96 23.533333
97 23.766667
98 23.766667
99 23.766667
100 23.766667
101 23.800000
102 23.900000
103 23.900000
104 24.000000
105 24.000000
106 24.033333
107 24.166667
108 24.233333
109 24.333333
110 24.333333
111 24.333333
112 24.400000
113 24.433333
114 24.500000
115 24.500000
116 24.600000
117 24.600000
118 24.600000
119 24.600000
120 24.600000
121 24.633333
122 24.666667
123 24.666667
124 24.666667
125 24.700000
126 24.700000
127 24.733333
128 24.766667
129 24.800000
130 24.833333
131 24.900000
132 24.933333
133 24.933333
134 24.966667
135 25.100000
136 25.133333
137 25.133333
138 25.133333
139 25.166667
140 25.166667
141 25.200000
142 25.200000
143 25.233333
144 25.266667
145 25.300000
146 25.366667
147 25.400000
148 25.466667
149 25.500000
150 25.500000
151 25.566667
152 25.666667
153 25.733333
154 25.733333
155 25.833333
156 25.866667
157 25.866667
158 25.900000
159 25.933333
160 25.966667
161 25.966667
162 26.000000
163 26.000000
164 26.000000
165 26.000000
166 26.033333
167 26.033333
168 26.033333
169 26.033333
170 26.033333
171 26.033333
172 26.033333
173 26.066667
174 26.066667
175 26.100000
176 26.100000
177 26.100000
178 26.100000
179 26.100000
180 26.100000
181 26.100000
182 26.133333
183 26.166667
184 26.166667
185 26.166667
186 26.200000
187 26.233333
188 26.233333
189 26.233333
190 26.233333
191 26.266667
192 26.266667
193 26.266667
194 26.266667
195 26.300000
196 26.300000
197 26.300000
198 26.300000
199 26.300000
200 26.333333
201 26.333333
202 26.333333
203 26.366667
204 26.400000
205 26.400000
206 26.400000
207 26.400000
208 26.400000
209 26.400000
210 26.400000
211 26.400000
212 26.400000
213 26.433333
214 26.433333
215 26.500000
216 26.500000
217 26.500000
218 26.533333
219 26.566667
220 26.566667
221 26.566667
222 26.633333
223 26.633333
224 26.633333
225 26.633333
226 26.666667
227 26.666667
228 26.666667
229 26.733333
230 26.733333
231 26.733333
232 26.766667
233 26.766667
234 26.800000
235 26.800000
236 26.800000
237 26.800000
238 26.833333
239 26.833333
240 26.833333
241 26.833333
242 26.833333
243 26.833333
244 26.900000
245 26.933333
246 26.933333
247 26.933333
248 26.933333
249 26.933333
250 26.933333
251 26.933333
252 26.933333
253 26.933333
254 26.933333
255 27.066667
256 27.066667
257 27.066667
258 27.100000
259 27.100000
260 27.100000
261 27.133333
262 27.166667
263 27.166667
264 27.166667
265 27.166667
266 27.166667
267 27.166667
268 27.166667
269 27.200000
270 27.200000
271 27.200000
272 27.200000
273 27.200000
274 27.200000
275 27.233333
276 27.233333
277 27.233333
278 27.233333
279 27.233333
280 27.233333
281 27.233333
282 27.233333
283 27.233333
284 27.266667
285 27.266667
286 27.266667
287 27.266667
288 27.266667
289 27.266667
290 27.266667
291 27.266667
292 27.333333
293 27.433333
294 27.500000
295 27.500000
296 27.500000
297 27.500000
298 27.500000
299 27.500000
300 27.500000
301 27.500000
302 27.500000
303 27.500000
304 27.500000
305 27.533333
306 27.566667
307 27.566667
308 27.600000
309 27.600000
310 27.633333
311 27.633333
312 27.633333
313 27.633333
314 27.633333
315 27.633333
316 27.633333
317 27.633333
318 27.633333
319 27.633333
320 27.633333
321 27.633333
322 27.633333
323 27.633333
324 27.633333
325 27.633333
326 27.633333
327 27.633333
328 27.633333
329 27.633333
330 27.666667
331 27.666667
332 27.666667
333 27.666667
334 27.666667
335 27.700000
336 27.700000
337 27.700000
338 27.700000
339 27.700000
340 27.700000
341 27.800000
342 27.800000
343 27.800000
344 27.800000
345 27.800000
346 27.800000
347 27.800000
348 27.800000
349 27.833333
350 27.833333
351 27.866667
352 27.900000
353 27.900000
354 27.966667
355 27.966667
356 27.966667
357 27.966667
358 28.000000
359 28.000000
360 28.033333
361 28.066667
362 28.066667
363 28.066667
364 28.066667
365 28.066667
366 28.066667
367 28.066667
368 28.066667
369 28.133333
370 28.133333
371 28.133333
372 28.133333
373 28.133333
374 28.133333
375 28.133333
376 28.133333
377 28.133333
378 28.133333
379 28.133333
380 28.133333
381 28.133333
382 28.133333
383 28.133333
384 28.133333
385 28.133333
386 28.166667
387 28.166667
388 28.166667
389 28.166667
390 28.166667
391 28.166667
392 28.166667
393 28.166667
394 28.166667
395 28.166667
396 28.166667
397 28.166667
398 28.166667
399 28.166667
400 28.200000
401 28.200000
402 28.200000
403 28.200000
404 28.233333
405 28.233333
406 28.233333
407 28.233333
408 28.266667
409 28.266667
410 28.300000
411 28.300000
412 28.300000
413 28.300000
414 28.300000
415 28.333333
416 28.333333
417 28.333333
418 28.333333
419 28.333333
420 28.333333
421 28.333333
422 28.333333
423 28.333333
424 28.366667
425 28.366667
426 28.366667
427 28.366667
428 28.400000
429 28.400000
430 28.400000
431 28.400000
432 28.400000
433 28.433333
434 28.433333
435 28.433333
436 28.433333
437 28.433333
438 28.433333
439 28.433333
440 28.500000
441 28.500000
442 28.500000
443 28.500000
444 28.533333
445 28.533333
446 28.533333
447 28.533333
448 28.533333
449 28.533333
450 28.533333
451 28.533333
452 28.533333
453 28.600000
454 28.600000
455 28.600000
456 28.600000
457 28.600000
458 28.600000
459 28.600000
460 28.600000
461 28.600000
462 28.633333
463 28.633333
464 28.633333
465 28.633333
466 28.633333
467 28.633333
468 28.633333
469 28.633333
470 28.633333
471 28.633333
472 28.633333
473 28.633333
474 28.633333
475 28.666667
476 28.666667
477 28.666667
478 28.666667
479 28.666667
480 28.666667
481 28.666667
482 28.666667
483 28.666667
484 28.666667
485 28.666667
486 28.666667
487 28.666667
488 28.666667
489 28.700000
490 28.700000
491 28.700000
492 28.733333
493 28.766667
494 28.766667
495 28.766667
496 28.800000
497 28.900000
498 28.933333
499 28.933333
500 28.933333
501 28.933333
502 28.933333
503 28.933333
504 28.933333
505 28.933333
506 28.933333
507 28.933333
508 28.933333
509 28.933333
510 28.933333
511 28.933333
512 28.933333
513 28.933333
514 28.933333
515 28.933333
516 28.933333
517 28.933333
518 28.933333
519 28.933333
520 28.933333
521 28.933333
522 28.933333
523 28.933333
524 28.933333
525 28.933333
526 28.933333
527 28.933333
528 28.933333
529 28.933333
530 28.933333
531 28.933333
532 28.933333
533 28.966667
534 28.966667
535 28.966667
536 28.966667
537 28.966667
538 28.966667
539 29.000000
540 29.000000
541 29.000000
542 29.000000
543 29.000000
544 29.000000
545 29.000000
546 29.000000
547 29.000000
548 29.000000
549 29.000000
550 29.000000
551 29.000000
552 29.000000
553 29.000000
554 29.033333
555 29.033333
556 29.033333
557 29.033333
558 29.033333
559 29.033333
560 29.033333
561 29.033333
562 29.033333
563 29.033333
564 29.033333
565 29.033333
566 29.033333
567 29.033333
568 29.033333
569 29.033333
570 29.033333
571 29.033333
572 29.033333
573 29.033333
574 29.033333
575 29.066667
576 29.066667
577 29.100000
578 29.100000
579 29.100000
580 29.100000
581 29.100000
582 29.100000
583 29.100000
584 29.100000
585 29.100000
586 29.100000
587 29.100000
588 29.100000
589 29.100000
590 29.100000
591 29.100000
592 29.100000
593 29.100000
594 29.100000
595 29.100000
596 29.100000
597 29.100000
598 29.100000
599 29.133333
600 29.133333
601 29.133333
602 29.133333
603 29.133333
604 29.133333
605 29.133333
606 29.133333
607 29.133333
608 29.133333
609 29.133333
610 29.133333
611 29.133333
612 29.133333
613 29.133333
614 29.133333
615 29.133333
616 29.133333
617 29.166667
618 29.166667
619 29.166667
620 29.166667
621 29.166667
622 29.166667
623 29.166667
624 29.166667
625 29.166667
626 29.166667
627 29.166667
628 29.166667
629 29.166667
630 29.166667
631 29.166667
632 29.166667
633 29.166667
634 29.166667
635 29.166667
636 29.166667
637 29.166667
638 29.166667
639 29.166667
640 29.166667
641 29.166667
642 29.166667
643 29.166667
644 29.166667
645 29.166667
646 29.166667
647 29.166667
648 29.166667
649 29.166667
650 29.166667
651 29.166667
652 29.166667
653 29.166667
654 29.166667
655 29.166667
656 29.166667
657 29.166667
658 29.166667
659 29.166667
660 29.166667
661 29.166667
662 29.166667
663 29.166667
664 29.166667
665 29.166667
666 29.166667
667 29.166667
668 29.166667
669 29.166667
670 29.166667
671 29.166667
672 29.166667
673 29.166667
674 29.166667
675 29.166667
676 29.166667
677 29.166667
678 29.166667
679 29.166667
680 29.166667
681 29.166667
682 29.166667
683 29.166667
684 29.166667
685 29.166667
686 29.166667
687 29.166667
688 29.166667
689 29.166667
690 29.166667
691 29.166667
692 29.166667
693 29.166667
694 29.166667
695 29.166667
696 29.166667
697 29.166667
698 29.166667
699 29.166667
700 29.166667
701 29.166667
702 29.166667
703 29.166667
704 29.166667
705 29.166667
706 29.166667
707 29.166667
708 29.166667
709 29.166667
710 29.166667
711 29.166667
712 29.166667
713 29.166667
714 29.166667
715 29.166667
716 29.166667
717 29.166667
718 29.166667
719 29.166667
720 29.166667
721 29.166667
722 29.166667
723 29.166667
724 29.166667
725 29.166667
726 29.166667
727 29.166667
728 29.166667
729 29.166667
730 29.166667
731 29.166667
732 29.166667
733 29.166667
734 29.166667
735 29.166667
736 29.166667
737 29.166667
738 29.166667
739 29.166667
740 29.166667
741 29.166667
742 29.166667
743 29.166667
744 29.166667
745 29.166667
746 29.166667
747 29.166667
748 29.166667
749 29.166667
750 29.166667
751 29.166667
752 29.166667
753 29.166667
754 29.166667
755 29.166667
756 29.166667
757 29.200000
758 29.200000
759 29.200000
760 29.200000
761 29.200000
762 29.200000
763 29.200000
764 29.200000
765 29.200000
766 29.200000
767 29.200000
768 29.200000
769 29.200000
770 29.200000
771 29.200000
772 29.200000
773 29.200000
774 29.200000
775 29.200000
776 29.200000
777 29.200000
778 29.200000
779 29.200000
780 29.200000
781 29.200000
782 29.200000
783 29.200000
784 29.200000
785 29.233333
786 29.233333
787 29.233333
788 29.233333
789 29.233333
790 29.233333
791 29.233333
792 29.233333
793 29.233333
794 29.233333
795 29.233333
796 29.233333
797 29.233333
798 29.233333
799 29.233333
800 29.233333
801 29.233333
802 29.233333
803 29.233333
804 29.233333
805 29.233333
806 29.233333
807 29.233333
808 29.233333
809 29.233333
810 29.233333
811 29.233333
812 29.233333
813 29.233333
814 29.233333
815 29.233333
816 29.266667
817 29.266667
818 29.266667
819 29.266667
820 29.266667
821 29.266667
822 29.266667
823 29.266667
824 29.266667
825 29.266667
826 29.266667
827 29.266667
828 29.266667
829 29.266667
830 29.266667
831 29.266667
832 29.266667
833 29.266667
834 29.266667
835 29.266667
836 29.266667
837 29.266667
838 29.300000
839 29.300000
840 29.300000
841 29.300000
842 29.300000
843 29.300000
844 29.300000
845 29.300000
846 29.300000
847 29.300000
848 29.300000
849 29.300000
850 29.300000
851 29.300000
852 29.300000
853 29.300000
854 29.300000
855 29.333333
856 29.333333
857 29.333333
858 29.333333
859 29.333333
860 29.333333
861 29.333333
862 29.333333
863 29.333333
864 29.333333
865 29.333333
866 29.333333
867 29.333333
868 29.333333
869 29.333333
870 29.333333
871 29.333333
872 29.333333
873 29.333333
874 29.333333
875 29.333333
876 29.333333
877 29.333333
878 29.333333
879 29.333333
880 29.333333
881 29.333333
882 29.333333
883 29.333333
884 29.333333
885 29.333333
886 29.333333
887 29.333333
888 29.333333
889 29.333333
890 29.333333
891 29.333333
892 29.333333
893 29.333333
894 29.333333
895 29.333333
896 29.333333
897 29.333333
898 29.333333
899 29.333333
900 29.333333
901 29.333333
902 29.333333
903 29.333333
904 29.333333
905 29.333333
906 29.333333
907 29.333333
908 29.333333
909 29.333333
910 29.333333
911 29.333333
912 29.333333
913 29.333333
914 29.333333
915 29.333333
916 29.333333
917 29.333333
918 29.333333
919 29.333333
920 29.333333
921 29.333333
922 29.333333
923 29.333333
924 29.333333
925 29.333333
926 29.333333
927 29.333333
928 29.333333
929 29.333333
930 29.333333
931 29.333333
932 29.333333
933 29.333333
934 29.333333
935 29.333333
936 29.333333
937 29.333333
938 29.333333
939 29.333333
940 29.333333
941 29.366667
942 29.366667
943 29.366667
944 29.366667
945 29.366667
946 29.366667
947 29.366667
948 29.366667
949 29.366667
950 29.366667
951 29.466667
952 29.466667
953 29.466667
954 29.466667
955 29.466667
956 29.466667
957 29.466667
958 29.466667
959 29.466667
960 29.466667
961 29.466667
962 29.466667
963 29.466667
964 29.500000
965 29.500000
966 29.500000
967 29.500000
968 29.500000
969 29.500000
970 29.500000
971 29.500000
972 29.500000
973 29.500000
974 29.500000
975 29.500000
976 29.500000
977 29.500000
978 29.500000
979 29.500000
980 29.500000
981 29.500000
982 29.500000
983 29.500000
984 29.500000
985 29.500000
986 29.500000
987 29.500000
988 29.500000
989 29.500000
990 29.500000
991 29.500000
992 29.500000
993 29.500000
994 29.500000
995 29.500000
996 29.500000
997 29.500000
998 29.500000
999 29.500000
1000 29.500000
1001 29.500000
1002 29.500000
1003 29.500000
1004 29.500000
1005 29.500000
1006 29.500000
1007 29.500000
1008 29.500000
1009 29.500000
1010 29.500000
1011 29.500000
1012 29.500000
1013 29.500000
1014 29.500000
1015 29.500000
1016 29.500000
1017 29.500000
1018 29.500000
1019 29.500000
1020 29.500000
1021 29.500000
1022 29.500000
1023 29.500000
1024 29.500000
1025 29.500000
1026 29.500000
1027 29.500000
1028 29.500000
1029 29.500000
1030 29.500000
1031 29.500000
1032 29.500000
1033 29.500000
1034 29.533333
1035 29.533333
1036 29.533333
1037 29.533333
1038 29.533333
1039 29.533333
1040 29.533333
1041 29.533333
1042 29.533333
1043 29.533333
1044 29.533333
1045 29.533333
1046 29.533333
1047 29.533333
1048 29.533333
1049 29.533333
1050 29.533333
1051 29.533333
1052 29.533333
1053 29.533333
1054 29.533333
1055 29.533333
1056 29.533333
1057 29.533333
1058 29.533333
1059 29.566667
1060 29.566667
1061 29.566667
1062 29.566667
1063 29.566667
1064 29.566667
1065 29.566667
1066 29.566667
1067 29.566667
1068 29.566667
1069 29.566667
1070 29.566667
1071 29.566667
1072 29.566667
1073 29.566667
1074 29.566667
1075 29.566667
1076 29.566667
1077 29.566667
1078 29.566667
1079 29.566667
1080 29.566667
1081 29.566667
1082 29.566667
1083 29.566667
1084 29.566667
1085 29.566667
1086 29.566667
1087 29.566667
1088 29.566667
1089 29.566667
1090 29.566667
1091 29.566667
1092 29.566667
1093 29.566667
1094 29.566667
1095 29.566667
1096 29.566667
1097 29.566667
1098 29.566667
1099 29.566667
1100 29.566667
1101 29.566667
1102 29.566667
1103 29.566667
1104 29.600000
1105 29.600000
1106 29.600000
1107 29.600000
1108 29.600000
1109 29.600000
1110 29.600000
1111 29.600000
1112 29.600000
1113 29.600000
1114 29.600000
1115 29.600000
1116 29.600000
1117 29.600000
1118 29.600000
1119 29.600000
1120 29.600000
1121 29.600000
1122 29.600000
1123 29.600000
1124 29.600000
1125 29.600000
1126 29.600000
1127 29.633333
1128 29.633333
1129 29.666667
1130 29.666667
1131 29.666667
1132 29.700000
1133 29.700000
1134 29.700000
1135 29.700000
1136 29.700000
1137 29.700000
1138 29.700000
1139 29.700000
1140 29.700000
1141 29.700000
1142 29.700000
1143 29.700000
1144 29.700000
1145 29.700000
1146 29.700000
1147 29.700000
1148 29.700000
1149 29.700000
1150 29.700000
1151 29.700000
1152 29.700000
1153 29.700000
1154 29.700000
1155 29.700000
1156 29.700000
1157 29.700000
1158 29.700000
1159 29.700000
1160 29.700000
1161 29.700000
1162 29.700000
1163 29.700000
1164 29.700000
1165 29.700000
1166 29.700000
1167 29.700000
1168 29.700000
1169 29.700000
1170 29.700000
1171 29.700000
1172 29.700000
1173 29.700000
1174 29.700000
1175 29.700000
1176 29.700000
1177 29.700000
1178 29.700000
1179 29.700000
1180 29.700000
1181 29.700000
1182 29.700000
1183 29.700000
1184 29.700000
1185 29.700000
1186 29.700000
1187 29.700000
1188 29.700000
1189 29.700000
1190 29.700000
1191 29.700000
1192 29.700000
1193 29.700000
1194 29.700000
1195 29.700000
1196 29.700000
1197 29.700000
1198 29.700000
1199 29.700000
1200 29.700000
1201 29.700000
1202 29.700000
1203 29.700000
1204 29.700000
1205 29.700000
1206 29.700000
1207 29.700000
1208 29.700000
1209 29.700000
1210 29.700000
1211 29.700000
1212 29.700000
1213 29.700000
1214 29.700000
1215 29.700000
1216 29.700000
1217 29.700000
1218 29.700000
1219 29.700000
1220 29.700000
1221 29.700000
1222 29.700000
1223 29.700000
1224 29.700000
1225 29.700000
1226 29.700000
1227 29.700000
1228 29.700000
1229 29.700000
1230 29.700000
1231 29.700000
1232 29.700000
1233 29.700000
1234 29.700000
1235 29.700000
1236 29.700000
1237 29.700000
1238 29.700000
1239 29.700000
1240 29.700000
1241 29.700000
1242 29.700000
1243 29.700000
1244 29.700000
1245 29.700000
1246 29.700000
1247 29.700000
1248 29.700000
1249 29.700000
1250 29.700000
1251 29.700000
1252 29.700000
1253 29.700000
1254 29.700000
1255 29.700000
1256 29.700000
1257 29.700000
1258 29.700000
1259 29.700000
1260 29.700000
1261 29.700000
1262 29.700000
1263 29.700000
1264 29.700000
1265 29.700000
1266 29.700000
1267 29.700000
1268 29.700000
1269 29.700000
1270 29.700000
1271 29.700000
1272 29.700000
1273 29.700000
1274 29.700000
1275 29.700000
1276 29.700000
1277 29.700000
1278 29.700000
1279 29.700000
1280 29.700000
1281 29.700000
1282 29.700000
1283 29.700000
1284 29.700000
1285 29.700000
1286 29.700000
1287 29.700000
1288 29.700000
1289 29.700000
1290 29.700000
1291 29.700000
1292 29.700000
1293 29.700000
1294 29.700000
1295 29.700000
1296 29.700000
1297 29.700000
1298 29.700000
1299 29.700000
1300 29.700000
1301 29.700000
1302 29.733333
1303 29.733333
1304 29.733333
1305 29.733333
1306 29.733333
1307 29.733333
1308 29.733333
1309 29.733333
1310 29.733333
1311 29.733333
1312 29.733333
1313 29.733333
1314 29.733333
1315 29.733333
1316 29.733333
1317 29.733333
1318 29.733333
1319 29.733333
1320 29.733333
1321 29.733333
1322 29.766667
1323 29.766667
1324 29.766667
1325 29.766667
1326 29.766667
1327 29.766667
1328 29.766667
1329 29.766667
1330 29.766667
1331 29.766667
1332 29.766667
1333 29.766667
1334 29.766667
1335 29.766667
1336 29.766667
1337 29.766667
1338 29.766667
1339 29.766667
1340 29.766667
1341 29.766667
1342 29.766667
1343 29.766667
1344 29.766667
1345 29.766667
1346 29.766667
1347 29.766667
1348 29.766667
1349 29.766667
1350 29.766667
1351 29.766667
1352 29.766667
1353 29.766667
1354 29.766667
1355 29.766667
1356 29.766667
1357 29.766667
1358 29.766667
1359 29.766667
1360 29.766667
1361 29.766667
1362 29.766667
1363 29.766667
1364 29.766667
1365 29.766667
1366 29.766667
1367 29.766667
1368 29.766667
1369 29.766667
1370 29.766667
1371 29.766667
1372 29.766667
1373 29.766667
1374 29.766667
1375 29.766667
1376 29.766667
1377 29.766667
1378 29.766667
1379 29.766667
1380 29.766667
1381 29.766667
1382 29.766667
1383 29.766667
1384 29.766667
1385 29.766667
1386 29.766667
1387 29.766667
1388 29.766667
1389 29.766667
1390 29.766667
1391 29.766667
1392 29.766667
1393 29.766667
1394 29.766667
1395 29.766667
1396 29.766667
1397 29.766667
1398 29.766667
1399 29.766667
1400 29.766667
1401 29.766667
1402 29.766667
1403 29.766667
1404 29.766667
1405 29.766667
1406 29.766667
1407 29.766667
1408 29.766667
1409 29.766667
1410 29.766667
1411 29.766667
1412 29.766667
1413 29.766667
1414 29.766667
1415 29.766667
1416 29.766667
1417 29.766667
1418 29.766667
1419 29.766667
1420 29.766667
1421 29.766667
1422 29.766667
1423 29.766667
1424 29.766667
1425 29.766667
1426 29.766667
1427 29.766667
1428 29.766667
1429 29.766667
1430 29.766667
1431 29.766667
1432 29.766667
1433 29.766667
1434 29.766667
1435 29.766667
1436 29.766667
1437 29.766667
1438 29.766667
1439 29.766667
1440 29.766667
1441 29.766667
1442 29.766667
1443 29.766667
1444 29.766667
1445 29.766667
1446 29.766667
1447 29.766667
1448 29.766667
1449 29.766667
1450 29.766667
1451 29.766667
1452 29.766667
1453 29.766667
1454 29.766667
1455 29.766667
1456 29.766667
1457 29.766667
1458 29.766667
1459 29.766667
1460 29.766667
1461 29.766667
1462 29.766667
1463 29.766667
1464 29.766667
1465 29.766667
1466 29.766667
1467 29.766667
1468 29.766667
1469 29.766667
1470 29.766667
1471 29.800000
1472 29.800000
1473 29.800000
1474 29.800000
1475 29.800000
1476 29.800000
1477 29.800000
1478 29.800000
1479 29.800000
1480 29.800000
1481 29.800000
1482 29.800000
1483 29.800000
1484 29.800000
1485 29.800000
1486 29.800000
1487 29.800000
1488 29.800000
1489 29.800000
1490 29.800000
1491 29.800000
1492 29.800000
1493 29.800000
1494 29.800000
1495 29.800000
1496 29.800000
1497 29.800000
1498 29.800000
1499 29.800000
1500 29.800000
1501 29.800000
1502 29.800000
1503 29.800000
1504 29.800000
1505 29.800000
1506 29.800000
1507 29.800000
1508 29.800000
1509 29.800000
1510 29.800000
1511 29.800000
1512 29.800000
1513 29.800000
1514 29.800000
1515 29.800000
1516 29.800000
1517 29.800000
1518 29.800000
1519 29.800000
1520 29.800000
1521 29.800000
1522 29.800000
1523 29.800000
1524 29.800000
1525 29.800000
1526 29.800000
1527 29.800000
1528 29.800000
1529 29.800000
1530 29.800000
1531 29.800000
1532 29.800000
1533 29.800000
1534 29.800000
1535 29.800000
1536 29.800000
1537 29.800000
1538 29.800000
1539 29.800000
1540 29.800000
1541 29.800000
1542 29.800000
1543 29.800000
1544 29.800000
1545 29.800000
1546 29.800000
1547 29.800000
1548 29.800000
1549 29.800000
1550 29.800000
1551 29.800000
1552 29.800000
1553 29.800000
1554 29.800000
1555 29.800000
1556 29.800000
1557 29.800000
1558 29.800000
1559 29.800000
1560 29.800000
1561 29.833333
1562 29.833333
1563 29.833333
1564 29.833333
1565 29.833333
1566 29.833333
1567 29.833333
1568 29.833333
1569 29.833333
1570 29.833333
1571 29.833333
1572 29.833333
1573 29.833333
1574 29.833333
1575 29.833333
1576 29.833333
1577 29.833333
1578 29.833333
1579 29.866667
1580 29.866667
1581 29.866667
1582 29.866667
1583 29.866667
1584 29.866667
1585 29.866667
1586 29.866667
1587 29.866667
1588 29.866667
1589 29.866667
1590 29.866667
1591 29.866667
1592 29.866667
1593 29.866667
1594 29.866667
1595 29.866667
1596 29.866667
1597 29.866667
1598 29.866667
1599 29.866667
1600 29.866667
1601 29.866667
1602 29.866667
1603 29.866667
1604 29.900000
1605 29.900000
1606 29.900000
1607 29.900000
1608 29.900000
1609 29.900000
1610 29.900000
1611 29.900000
1612 29.900000
1613 29.900000
1614 29.900000
1615 29.900000
1616 29.900000
1617 29.900000
1618 29.900000
1619 29.900000
1620 29.900000
1621 29.900000
1622 29.900000
1623 29.900000
1624 29.900000
1625 29.900000
1626 29.900000
1627 29.900000
1628 29.900000
1629 29.900000
1630 29.900000
1631 29.900000
1632 29.900000
1633 29.900000
1634 29.900000
1635 29.900000
1636 29.900000
1637 29.900000
1638 29.900000
1639 29.900000
1640 29.900000
1641 29.900000
1642 29.900000
1643 29.900000
1644 29.900000
1645 29.900000
1646 29.900000
1647 29.900000
1648 29.900000
1649 29.900000
1650 29.900000
1651 29.900000
1652 29.900000
1653 29.900000
1654 29.900000
1655 29.900000
1656 29.900000
1657 29.900000
1658 29.900000
1659 29.900000
1660 29.900000
1661 29.900000
1662 29.900000
1663 29.900000
1664 29.900000
1665 29.900000
1666 29.900000
1667 29.900000
1668 29.900000
1669 29.900000
1670 29.900000
1671 29.900000
1672 29.900000
1673 29.900000
1674 29.900000
1675 29.900000
1676 29.900000
1677 29.900000
1678 29.900000
1679 29.900000
1680 29.900000
1681 29.900000
1682 29.900000
1683 29.900000
1684 29.900000
1685 29.900000
1686 29.900000
1687 29.900000
1688 29.900000
1689 29.900000
1690 29.900000
1691 29.900000
1692 29.900000
1693 29.900000
1694 29.900000
1695 29.900000
1696 29.900000
1697 29.900000
1698 29.900000
1699 29.900000
1700 29.900000
1701 29.900000
1702 29.900000
1703 29.900000
1704 29.900000
1705 29.900000
1706 29.900000
1707 29.900000
1708 29.900000
1709 29.900000
1710 29.900000
1711 29.900000
1712 29.900000
1713 29.900000
1714 29.900000
1715 29.900000
1716 29.900000
1717 29.900000
1718 29.900000
1719 29.900000
1720 29.900000
1721 29.900000
1722 29.900000
1723 29.900000
1724 29.900000
1725 29.900000
1726 29.900000
1727 29.900000
1728 29.900000
1729 29.900000
1730 29.900000
1731 29.900000
1732 29.900000
1733 29.900000
1734 29.900000
1735 29.900000
1736 29.900000
1737 29.900000
1738 29.900000
1739 29.900000
1740 29.900000
1741 29.900000
1742 29.900000
1743 29.900000
1744 29.900000
1745 29.900000
1746 29.900000
1747 29.900000
1748 29.900000
1749 29.900000
1750 29.900000
1751 29.900000
1752 29.900000
1753 29.900000
1754 29.900000
1755 29.900000
1756 29.900000
1757 29.900000
1758 29.900000
1759 29.900000
1760 29.900000
1761 29.900000
1762 29.900000
1763 29.900000
1764 29.900000
1765 29.900000
1766 29.900000
1767 29.900000
1768 29.900000
1769 29.900000
1770 29.900000
1771 29.900000
1772 29.900000
1773 29.900000
1774 29.900000
1775 29.900000
1776 29.900000
1777 29.900000
1778 29.900000
1779 29.900000
1780 29.900000
1781 29.900000
1782 29.900000
1783 29.900000
1784 29.900000
1785 29.900000
1786 29.900000
1787 29.900000
1788 29.900000
1789 29.900000
1790 29.900000
1791 29.900000
1792 29.900000
1793 29.900000
1794 29.900000
1795 29.900000
1796 29.900000
1797 29.900000
1798 29.900000
1799 29.900000
1800 29.900000
1801 29.900000
1802 29.900000
1803 29.900000
1804 29.900000
1805 29.900000
1806 29.900000
1807 29.900000
1808 29.900000
1809 29.900000
1810 29.900000
1811 29.900000
1812 29.900000
1813 29.900000
1814 29.900000
1815 29.900000
1816 29.900000
1817 29.900000
1818 29.900000
1819 29.900000
1820 29.900000
1821 29.900000
1822 29.900000
1823 29.900000
1824 29.900000
1825 29.900000
1826 29.900000
1827 29.900000
1828 29.900000
1829 29.900000
1830 29.900000
1831 29.900000
1832 29.900000
1833 29.900000
1834 29.900000
1835 29.900000
1836 29.900000
1837 29.900000
1838 29.933333
1839 29.933333
1840 29.933333
1841 29.933333
1842 29.933333
1843 29.933333
1844 29.933333
1845 29.933333
1846 29.933333
1847 29.966667
1848 29.966667
1849 29.966667
1850 29.966667
1851 29.966667
1852 29.966667
1853 29.966667
1854 29.966667
1855 29.966667
1856 29.966667
1857 29.966667
1858 29.966667
1859 29.966667
1860 29.966667
1861 29.966667
1862 29.966667
1863 29.966667
1864 29.966667
1865 29.966667
1866 29.966667
1867 29.966667
1868 29.966667
1869 29.966667
1870 29.966667
1871 29.966667
1872 29.966667
1873 29.966667
1874 29.966667
1875 29.966667
1876 29.966667
1877 29.966667
1878 29.966667
1879 29.966667
1880 29.966667
1881 29.966667
1882 29.966667
1883 29.966667
1884 29.966667
1885 29.966667
1886 29.966667
1887 29.966667
1888 29.966667
1889 29.966667
1890 29.966667
1891 29.966667
1892 29.966667
1893 29.966667
1894 29.966667
1895 29.966667
1896 29.966667
1897 29.966667
1898 29.966667
1899 29.966667
1900 29.966667
1901 29.966667
1902 30.000000
1903 30.000000
1904 30.000000
1905 30.000000
1906 30.000000
1907 30.000000
1908 30.000000
1909 30.000000
1910 30.000000
1911 30.000000
1912 30.000000
1913 30.000000
1914 30.000000
1915 30.000000
1916 30.000000
1917 30.000000
1918 30.000000
1919 30.000000
1920 30.000000
1921 30.000000
1922 30.000000
1923 30.000000
1924 30.000000
1925 30.000000
1926 30.000000
1927 30.000000
1928 30.000000
1929 30.000000
1930 30.000000
1931 30.000000
1932 30.000000
1933 30.000000
1934 30.000000
1935 30.000000
1936 30.000000
1937 30.000000
1938 30.000000
1939 30.000000
1940 30.000000
1941 30.000000
1942 30.000000
1943 30.000000
1944 30.000000
1945 30.000000
1946 30.000000
1947 30.000000
1948 30.000000
1949 30.000000
1950 30.000000
1951 30.000000
1952 30.000000
1953 30.000000
1954 30.000000
1955 30.000000
1956 30.000000
1957 30.000000
1958 30.000000
1959 30.000000
1960 30.000000
1961 30.000000
1962 30.000000
1963 30.000000
1964 30.000000
1965 30.000000
1966 30.000000
1967 30.000000
1968 30.000000
1969 30.000000
1970 30.000000
1971 30.000000
1972 30.000000
1973 30.000000
1974 30.000000
1975 30.000000
1976 30.000000
1977 30.000000
1978 30.000000
1979 30.000000
1980 30.000000
1981 30.000000
1982 30.000000
1983 30.000000
1984 30.000000
1985 30.000000
1986 30.000000
1987 30.000000
1988 30.000000
1989 30.000000
1990 30.000000
1991 30.000000
1992 30.000000
1993 30.000000
1994 30.000000
1995 30.000000
1996 30.000000
1997 30.000000
1998 30.000000
1999 30.000000
2000 30.000000
2001 30.000000
2002 30.000000
2003 30.000000
2004 30.000000
2005 30.000000
2006 30.000000
2007 30.000000
2008 30.000000
2009 30.000000
2010 30.000000
2011 30.000000
2012 30.000000
2013 30.000000
2014 30.000000
2015 30.000000
2016 30.000000
2017 30.000000
2018 30.000000
2019 30.000000
2020 30.000000
2021 30.000000
2022 30.000000
2023 30.000000
2024 30.000000
2025 30.000000
2026 30.000000
2027 30.000000
2028 30.000000
2029 30.000000
2030 30.000000
2031 30.000000
2032 30.000000
2033 30.000000
2034 30.000000
2035 30.000000
2036 30.000000
2037 30.000000
2038 30.000000
2039 30.000000
2040 30.000000
2041 30.000000
2042 30.000000
2043 30.000000
2044 30.000000
2045 30.000000
2046 30.000000
2047 30.000000
2048 30.000000
2049 30.000000
2050 30.000000
2051 30.000000
2052 30.000000
2053 30.000000
2054 30.000000
2055 30.000000
2056 30.000000
2057 30.000000
2058 30.000000
2059 30.000000
2060 30.000000
2061 30.000000
2062 30.000000
2063 30.000000
2064 30.000000
2065 30.000000
2066 30.000000
2067 30.000000
2068 30.000000
2069 30.000000
2070 30.000000
2071 30.000000
2072 30.000000
2073 30.000000
2074 30.000000
2075 30.000000
2076 30.000000
2077 30.000000
2078 30.000000
2079 30.000000
2080 30.000000
2081 30.000000
2082 30.000000
2083 30.000000
2084 30.000000
2085 30.000000
2086 30.000000
2087 30.000000
2088 30.000000
2089 30.000000
2090 30.000000
2091 30.000000
2092 30.000000
2093 30.000000
2094 30.000000
2095 30.000000
2096 30.000000
2097 30.000000
2098 30.000000
2099 30.000000
2100 30.000000
2101 30.000000
2102 30.000000
2103 30.000000
2104 30.000000
2105 30.000000
2106 30.000000
2107 30.000000
2108 30.000000
2109 30.000000
2110 30.000000
2111 30.000000
2112 30.000000
2113 30.000000
2114 30.000000
2115 30.000000
2116 30.000000
2117 30.000000
2118 30.000000
2119 30.000000
2120 30.000000
2121 30.000000
2122 30.000000
2123 30.000000
2124 30.000000
2125 30.000000
2126 30.000000
2127 30.000000
2128 30.000000
2129 30.000000
2130 30.000000
2131 30.000000
2132 30.000000
2133 30.000000
2134 30.000000
2135 30.000000
2136 30.000000
2137 30.000000
2138 30.000000
2139 30.000000
2140 30.000000
2141 30.000000
2142 30.000000
2143 30.000000
2144 30.000000
2145 30.000000
2146 30.000000
2147 30.000000
2148 30.000000
2149 30.000000
2150 30.000000
2151 30.000000
2152 30.000000
2153 30.000000
2154 30.000000
2155 30.000000
2156 30.000000
2157 30.000000
2158 30.000000
2159 30.000000
2160 30.000000
2161 30.000000
2162 30.000000
2163 30.000000
2164 30.000000
2165 30.000000
2166 30.000000
2167 30.000000
2168 30.000000
2169 30.000000
2170 30.000000
2171 30.000000
2172 30.000000
2173 30.000000
2174 30.000000
2175 30.000000
2176 30.000000
2177 30.000000
2178 30.000000
2179 30.000000
2180 30.000000
2181 30.000000
2182 30.000000
2183 30.000000
2184 30.000000
2185 30.000000
2186 30.000000
2187 30.000000
2188 30.000000
2189 30.000000
2190 30.000000
2191 30.000000
2192 30.000000
2193 30.000000
2194 30.000000
2195 30.000000
2196 30.000000
2197 30.000000
2198 30.000000
2199 30.000000
2200 30.000000
2201 30.000000
2202 30.000000
2203 30.000000
2204 30.000000
2205 30.000000
2206 30.000000
2207 30.000000
2208 30.000000
2209 30.000000
2210 30.000000
2211 30.000000
2212 30.000000
2213 30.000000
2214 30.000000
2215 30.000000
2216 30.000000
2217 30.000000
2218 30.000000
2219 30.000000
2220 30.000000
2221 30.000000
2222 30.000000
2223 30.000000
2224 30.000000
2225 30.000000
2226 30.000000
2227 30.000000
2228 30.000000
2229 30.000000
2230 30.000000
2231 30.000000
2232 30.000000
2233 30.000000
2234 30.000000
2235 30.000000
2236 30.000000
2237 30.000000
2238 30.000000
2239 30.000000
2240 30.000000
2241 30.000000
2242 30.000000
2243 30.000000
2244 30.000000
2245 30.000000
2246 30.000000
2247 30.000000
2248 30.000000
2249 30.000000
2250 30.000000
2251 30.000000
2252 30.000000
2253 30.000000
2254 30.000000
2255 30.000000
2256 30.000000
2257 30.000000
2258 30.000000
2259 30.000000
2260 30.000000
2261 30.000000
2262 30.000000
2263 30.000000
2264 30.000000
2265 30.000000
2266 30.000000
2267 30.000000
2268 30.000000
2269 30.000000
2270 30.000000
2271 30.000000
2272 30.000000
2273 30.000000
2274 30.000000
2275 30.000000
2276 30.000000
2277 30.000000
2278 30.000000
2279 30.000000
2280 30.000000
2281 30.000000
2282 30.000000
2283 30.000000
2284 30.000000
2285 30.000000
2286 30.000000
2287 30.000000
2288 30.000000
2289 30.000000
2290 30.000000
2291 30.000000
2292 30.000000
2293 30.000000
2294 30.000000
2295 30.000000
2296 30.000000
2297 30.000000
2298 30.000000
2299 30.000000
2300 30.000000
2301 30.000000
2302 30.000000
2303 30.000000
2304 30.000000
2305 30.000000
2306 30.000000
2307 30.000000
2308 30.000000
2309 30.000000
2310 30.000000
2311 30.000000
2312 30.000000
2313 30.000000
2314 30.000000
2315 30.000000
2316 30.000000
2317 30.000000
2318 30.000000
2319 30.000000
2320 30.000000
2321 30.000000
2322 30.000000
2323 30.000000
2324 30.000000
2325 30.000000
2326 30.000000
2327 30.000000
2328 30.000000
2329 30.000000
2330 30.000000
2331 30.000000
2332 30.000000
2333 30.000000
2334 30.000000
2335 30.000000
2336 30.000000
2337 30.000000
2338 30.000000
2339 30.000000
2340 30.000000
2341 30.000000
2342 30.000000
2343 30.000000
2344 30.000000
2345 30.000000
2346 30.000000
2347 30.000000
2348 30.000000
2349 30.000000
2350 30.000000
2351 30.000000
2352 30.000000
2353 30.000000
2354 30.000000
2355 30.000000
2356 30.000000
2357 30.000000
2358 30.000000
2359 30.000000
2360 30.000000
2361 30.000000
2362 30.000000
2363 30.000000
2364 30.000000
2365 30.000000
2366 30.000000
2367 30.000000
2368 30.000000
2369 30.000000
2370 30.000000
2371 30.000000
2372 30.000000
2373 30.000000
2374 30.000000
2375 30.000000
2376 30.000000
2377 30.000000
2378 30.000000
2379 30.000000
2380 30.000000
2381 30.000000
2382 30.000000
2383 30.000000
2384 30.000000
2385 30.000000
2386 30.000000
2387 30.000000
2388 30.000000
2389 30.000000
2390 30.000000
2391 30.000000
2392 30.000000
2393 30.000000
2394 30.000000
2395 30.000000
2396 30.000000
2397 30.000000
2398 30.000000
2399 30.000000
2400 30.000000
2401 30.000000
2402 30.000000
2403 30.000000
2404 30.000000
2405 30.000000
2406 30.000000
2407 30.000000
2408 30.000000
2409 30.000000
2410 30.000000
2411 30.000000
2412 30.000000
2413 30.000000
2414 30.000000
2415 30.000000
2416 30.000000
2417 30.000000
2418 30.000000
2419 30.000000
2420 30.000000
2421 30.000000
2422 30.000000
2423 30.000000
2424 30.000000
2425 30.000000
2426 30.000000
2427 30.000000
2428 30.000000
2429 30.000000
2430 30.000000
2431 30.000000
2432 30.000000
2433 30.000000
2434 30.000000
2435 30.000000
2436 30.000000
2437 30.000000
2438 30.000000
2439 30.000000
2440 30.000000
2441 30.000000
2442 30.000000
2443 30.000000
2444 30.000000
2445 30.000000
2446 30.000000
2447 30.000000
2448 30.000000
2449 30.000000
2450 30.000000
2451 30.000000
2452 30.000000
2453 30.000000
2454 30.000000
2455 30.000000
2456 30.000000
2457 30.000000
2458 30.000000
2459 30.000000
2460 30.000000
2461 30.000000
2462 30.000000
2463 30.000000
2464 30.000000
2465 30.000000
2466 30.000000
2467 30.000000
2468 30.000000
2469 30.000000
2470 30.000000
2471 30.000000
2472 30.000000
2473 30.000000
2474 30.000000
2475 30.000000
2476 30.000000
2477 30.000000
2478 30.000000
2479 30.000000
2480 30.000000
2481 30.000000
2482 30.000000
2483 30.000000
2484 30.000000
2485 30.000000
2486 30.000000
2487 30.000000
2488 30.000000
2489 30.000000
2490 30.000000
2491 30.000000
2492 30.000000
2493 30.000000
2494 30.000000
2495 30.000000
2496 30.000000
2497 30.000000
2498 30.000000
2499 30.000000
2500 30.000000
2501 30.000000
2502 30.000000
2503 30.000000
2504 30.000000
2505 30.000000
2506 30.000000
2507 30.000000
2508 30.000000
2509 30.000000
2510 30.000000
2511 30.000000
2512 30.000000
2513 30.000000
2514 30.000000
2515 30.000000
2516 30.000000
2517 30.000000
2518 30.000000
2519 30.000000
2520 30.000000
2521 30.000000
2522 30.000000
2523 30.000000
2524 30.000000
2525 30.000000
2526 30.000000
2527 30.000000
2528 30.000000
2529 30.000000
2530 30.000000
2531 30.000000
2532 30.000000
2533 30.000000
2534 30.000000
2535 30.000000
2536 30.000000
2537 30.000000
2538 30.000000
2539 30.000000
2540 30.000000
2541 30.000000
2542 30.000000
2543 30.000000
2544 30.000000
2545 30.000000
2546 30.000000
2547 30.000000
2548 30.000000
2549 30.000000
2550 30.000000
2551 30.000000
2552 30.000000
2553 30.000000
2554 30.000000
2555 30.000000
2556 30.000000
2557 30.000000
2558 30.000000
2559 30.000000
2560 30.000000
2561 30.000000
2562 30.000000
2563 30.000000
2564 30.000000
2565 30.000000
2566 30.000000
2567 30.000000
2568 30.000000
2569 30.000000
2570 30.000000
2571 30.000000
2572 30.000000
2573 30.000000
2574 30.000000
2575 30.000000
2576 30.000000
2577 30.000000
2578 30.000000
2579 30.000000
2580 30.000000
2581 30.000000
2582 30.000000
2583 30.000000
2584 30.000000
2585 30.000000
2586 30.000000
2587 30.000000
2588 30.000000
2589 30.000000
2590 30.000000
2591 30.000000
2592 30.000000
2593 30.000000
2594 30.000000
2595 30.000000
2596 30.000000
2597 30.000000
2598 30.000000
2599 30.000000
2600 30.000000
2601 30.000000
2602 30.000000
2603 30.000000
2604 30.000000
2605 30.000000
2606 30.000000
2607 30.000000
2608 30.000000
2609 30.000000
2610 30.000000
2611 30.000000
2612 30.000000
2613 30.000000
2614 30.000000
2615 30.000000
2616 30.000000
2617 30.000000
2618 30.000000
2619 30.000000
2620 30.000000
2621 30.000000
2622 30.000000
2623 30.000000
2624 30.000000
2625 30.000000
2626 30.000000
2627 30.000000
2628 30.000000
2629 30.000000
2630 30.000000
2631 30.000000
2632 30.000000
2633 30.000000
2634 30.000000
2635 30.000000
2636 30.000000
2637 30.000000
2638 30.000000
2639 30.000000
2640 30.000000
2641 30.000000
2642 30.000000
2643 30.000000
2644 30.000000
2645 30.000000
2646 30.000000
2647 30.000000
2648 30.000000
2649 30.000000
2650 30.000000
2651 30.000000
2652 30.000000
2653 30.000000
2654 30.000000
2655 30.000000
2656 30.000000
2657 30.000000
2658 30.000000
2659 30.000000
2660 30.000000
2661 30.000000
2662 30.000000
2663 30.000000
2664 30.000000
2665 30.000000
2666 30.000000
2667 30.000000
2668 30.000000
2669 30.000000
2670 30.000000
2671 30.000000
2672 30.000000
2673 30.000000
2674 30.000000
2675 30.000000
2676 30.000000
2677 30.000000
2678 30.000000
2679 30.000000
2680 30.000000
2681 30.000000
2682 30.000000
2683 30.000000
2684 30.000000
2685 30.000000
2686 30.000000
2687 30.000000
2688 30.000000
2689 30.000000
2690 30.000000
2691 30.000000
2692 30.000000
2693 30.000000
2694 30.000000
2695 30.000000
2696 30.000000
2697 30.000000
2698 30.000000
2699 30.000000
2700 30.000000
2701 30.000000
2702 30.000000
2703 30.000000
2704 30.000000
2705 30.000000
2706 30.000000
2707 30.000000
2708 30.000000
2709 30.000000
2710 30.000000
2711 30.000000
2712 30.000000
2713 30.000000
2714 30.000000
2715 30.000000
2716 30.000000
2717 30.000000
2718 30.000000
2719 30.000000
2720 30.000000
2721 30.000000
2722 30.000000
2723 30.000000
2724 30.000000
2725 30.000000
2726 30.000000
2727 30.000000
2728 30.000000
2729 30.000000
2730 30.000000
2731 30.000000
2732 30.000000
2733 30.000000
2734 30.000000
2735 30.000000
2736 30.000000
2737 30.000000
2738 30.000000
2739 30.000000
2740 30.000000
2741 30.000000
2742 30.000000
2743 30.000000
2744 30.000000
2745 30.000000
2746 30.000000
2747 30.000000
2748 30.000000
2749 30.000000
2750 30.000000
2751 30.000000
2752 30.000000
2753 30.000000
2754 30.000000
2755 30.000000
2756 30.000000
2757 30.000000
2758 30.000000
2759 30.000000
2760 30.000000
2761 30.000000
2762 30.000000
2763 30.000000
2764 30.000000
2765 30.000000
2766 30.000000
2767 30.000000
2768 30.000000
2769 30.000000
2770 30.000000
2771 30.000000
2772 30.000000
2773 30.000000
2774 30.000000
2775 30.000000
2776 30.000000
2777 30.000000
2778 30.000000
2779 30.000000
2780 30.000000
2781 30.000000
2782 30.000000
2783 30.000000
2784 30.000000
2785 30.000000
2786 30.000000
2787 30.000000
2788 30.000000
2789 30.000000
2790 30.000000
2791 30.000000
2792 30.000000
2793 30.000000
2794 30.000000
2795 30.000000
2796 30.000000
2797 30.000000
2798 30.000000
2799 30.000000
2800 30.000000
2801 30.000000
2802 30.000000
2803 30.000000
2804 30.000000
2805 30.000000
2806 30.000000
2807 30.000000
2808 30.000000
2809 30.000000
2810 30.000000
2811 30.000000
2812 30.000000
2813 30.000000
2814 30.000000
2815 30.000000
2816 30.000000
2817 30.000000
2818 30.000000
2819 30.000000
2820 30.000000
2821 30.000000
2822 30.000000
2823 30.000000
2824 30.000000
2825 30.000000
2826 30.000000
2827 30.000000
2828 30.000000
2829 30.000000
2830 30.000000
2831 30.000000
2832 30.000000
2833 30.000000
2834 30.000000
2835 30.000000
2836 30.000000
2837 30.000000
2838 30.000000
2839 30.000000
2840 30.000000
2841 30.000000
2842 30.000000
2843 30.000000
2844 30.000000
2845 30.000000
2846 30.000000
2847 30.000000
2848 30.000000
2849 30.000000
2850 30.000000
2851 30.000000
2852 30.000000
2853 30.000000
2854 30.000000
2855 30.000000
2856 30.000000
2857 30.000000
2858 30.000000
2859 30.000000
2860 30.000000
2861 30.000000
2862 30.000000
2863 30.000000
2864 30.000000
2865 30.000000
2866 30.000000
2867 30.000000
2868 30.000000
2869 30.000000
2870 30.000000
2871 30.000000
2872 30.000000
2873 30.000000
2874 30.000000
2875 30.000000
2876 30.000000
2877 30.000000
2878 30.000000
2879 30.000000
2880 30.000000
2881 30.000000
2882 30.000000
2883 30.000000
2884 30.000000
2885 30.000000
2886 30.000000
2887 30.000000
2888 30.000000
2889 30.000000
2890 30.000000
2891 30.000000
2892 30.000000
2893 30.000000
2894 30.000000
2895 30.000000
2896 30.000000
2897 30.000000
2898 30.000000
2899 30.000000
2900 30.000000
2901 30.000000
2902 30.000000
2903 30.000000
2904 30.000000
2905 30.000000
2906 30.000000
2907 30.000000
2908 30.000000
2909 30.000000
2910 30.000000
2911 30.000000
2912 30.000000
2913 30.000000
2914 30.000000
2915 30.000000
2916 30.000000
2917 30.000000
2918 30.000000
2919 30.000000
2920 30.000000
2921 30.000000
2922 30.000000
2923 30.000000
2924 30.000000
2925 30.000000
2926 30.000000
2927 30.000000
2928 30.000000
2929 30.000000
2930 30.000000
2931 30.000000
2932 30.000000
2933 30.000000
2934 30.000000
2935 30.000000
2936 30.000000
2937 30.000000
2938 30.000000
2939 30.000000
2940 30.000000
2941 30.000000
2942 30.000000
2943 30.000000
2944 30.000000
2945 30.000000
2946 30.000000
2947 30.000000
2948 30.000000
2949 30.000000
2950 30.000000
2951 30.000000
2952 30.000000
2953 30.000000
2954 30.000000
2955 30.000000
2956 30.000000
2957 30.000000
2958 30.000000
2959 30.000000
2960 30.000000
2961 30.000000
2962 30.000000
2963 30.000000
2964 30.000000
2965 30.000000
2966 30.000000
2967 30.000000
2968 30.000000
2969 30.000000
2970 30.000000
2971 30.000000
2972 30.000000
2973 30.000000
2974 30.000000
2975 30.000000
2976 30.000000
2977 30.000000
2978 30.000000
2979 30.000000
2980 30.000000
2981 30.000000
2982 30.000000
2983 30.000000
2984 30.000000
2985 30.000000
2986 30.000000
2987 30.000000
2988 30.000000
2989 30.000000
2990 30.000000
2991 30.000000
2992 30.000000
2993 30.000000
2994 30.000000
2995 30.000000
2996 30.000000
2997 30.000000
2998 30.000000
2999 30.000000
3000 30.000000
3001 30.000000
3002 30.000000
3003 30.000000
3004 30.000000
3005 30.000000
3006 30.000000
3007 30.000000
3008 30.000000
3009 30.000000
3010 30.000000
3011 30.000000
3012 30.000000
3013 30.000000
3014 30.000000
3015 30.000000
3016 30.000000
3017 30.000000
3018 30.000000
3019 30.000000
3020 30.000000
3021 30.000000
3022 30.000000
3023 30.000000
3024 30.000000
3025 30.000000
3026 30.000000
3027 30.000000
3028 30.000000
3029 30.000000
3030 30.000000
3031 30.000000
3032 30.000000
3033 30.000000
3034 30.000000
3035 30.000000
3036 30.000000
3037 30.000000
3038 30.000000
3039 30.000000
3040 30.000000
3041 30.000000
3042 30.000000
3043 30.000000
3044 30.000000
3045 30.000000
3046 30.000000
3047 30.000000
3048 30.000000
3049 30.000000
3050 30.000000
3051 30.000000
3052 30.000000
3053 30.000000
3054 30.000000
3055 30.000000
3056 30.000000
3057 30.000000
3058 30.000000
3059 30.000000
3060 30.000000
3061 30.000000
3062 30.000000
3063 30.000000
3064 30.000000
3065 30.000000
3066 30.000000
3067 30.000000
3068 30.000000
3069 30.000000
3070 30.000000
3071 30.000000
3072 30.000000
3073 30.000000
3074 30.000000
3075 30.000000
3076 30.000000
3077 30.000000
3078 30.000000
3079 30.000000
3080 30.000000
3081 30.000000
3082 30.000000
3083 30.000000
3084 30.000000
3085 30.000000
3086 30.000000
3087 30.000000
3088 30.000000
3089 30.000000
3090 30.000000
3091 30.000000
3092 30.000000
3093 30.000000
3094 30.000000
3095 30.000000
3096 30.000000
3097 30.000000
3098 30.000000
3099 30.000000
3100 30.000000
3101 30.000000
3102 30.000000
3103 30.000000
3104 30.000000
3105 30.000000
3106 30.000000
3107 30.000000
3108 30.000000
3109 30.000000
3110 30.000000
3111 30.000000
3112 30.000000
3113 30.000000
3114 30.000000
3115 30.000000
3116 30.000000
3117 30.000000
3118 30.000000
3119 30.000000
3120 30.000000
3121 30.000000
3122 30.000000
3123 30.000000
3124 30.000000
3125 30.000000
3126 30.000000
3127 30.000000
3128 30.000000
3129 30.000000
3130 30.000000
3131 30.000000
3132 30.000000
3133 30.000000
3134 30.000000
3135 30.000000
3136 30.000000
3137 30.000000
3138 30.000000
3139 30.000000
3140 30.000000
3141 30.000000
3142 30.000000
3143 30.000000
3144 30.000000
3145 30.000000
3146 30.000000
3147 30.000000
3148 30.000000
3149 30.000000
3150 30.000000
3151 30.000000
3152 30.000000
3153 30.000000
3154 30.000000
3155 30.000000
3156 30.000000
3157 30.000000
3158 30.000000
3159 30.000000
3160 30.000000
3161 30.000000
3162 30.000000
3163 30.000000
3164 30.000000
3165 30.000000
3166 30.000000
3167 30.000000
3168 30.000000
3169 30.000000
3170 30.000000
3171 30.000000
3172 30.000000
3173 30.000000
3174 30.000000
3175 30.000000
3176 30.000000
3177 30.000000
3178 30.000000
3179 30.000000
3180 30.000000
3181 30.000000
3182 30.000000
3183 30.000000
3184 30.000000
3185 30.000000
3186 30.000000
3187 30.000000
3188 30.000000
3189 30.000000
3190 30.000000
3191 30.000000
3192 30.000000
3193 30.000000
3194 30.000000
3195 30.000000
3196 30.000000
3197 30.000000
3198 30.000000
3199 30.000000
3200 30.000000
3201 30.000000
3202 30.000000
3203 30.000000
3204 30.000000
3205 30.000000
3206 30.000000
3207 30.000000
3208 30.000000
3209 30.000000
3210 30.000000
3211 30.000000
3212 30.000000
3213 30.000000
3214 30.000000
3215 30.000000
3216 30.000000
3217 30.000000
3218 30.000000
3219 30.000000
3220 30.000000
3221 30.000000
3222 30.000000
3223 30.000000
3224 30.000000
3225 30.000000
3226 30.000000
3227 30.000000
3228 30.000000
3229 30.000000
3230 30.000000
3231 30.000000
3232 30.000000
3233 30.000000
3234 30.000000
3235 30.000000
3236 30.000000
3237 30.000000
3238 30.000000
3239 30.000000
3240 30.000000
3241 30.000000
3242 30.000000
3243 30.000000
3244 30.000000
3245 30.000000
3246 30.000000
3247 30.000000
3248 30.000000
3249 30.000000
3250 30.000000
3251 30.000000
3252 30.000000
3253 30.000000
3254 30.000000
3255 30.000000
3256 30.000000
3257 30.000000
3258 30.000000
3259 30.000000
3260 30.000000
3261 30.000000
3262 30.000000
3263 30.000000
3264 30.000000
3265 30.000000
3266 30.000000
3267 30.000000
3268 30.000000
3269 30.000000
3270 30.000000
3271 30.000000
3272 30.000000
3273 30.000000
3274 30.000000
3275 30.000000
3276 30.000000
3277 30.000000
3278 30.000000
3279 30.000000
3280 30.000000
3281 30.000000
3282 30.000000
3283 30.000000
3284 30.000000
3285 30.000000
3286 30.000000
3287 30.000000
3288 30.000000
3289 30.000000
3290 30.000000
3291 30.000000
3292 30.000000
3293 30.000000
3294 30.000000
3295 30.000000
3296 30.000000
3297 30.000000
3298 30.000000
3299 30.000000
3300 30.000000
3301 30.000000
3302 30.000000
3303 30.000000
3304 30.000000
3305 30.000000
3306 30.000000
3307 30.000000
3308 30.000000
3309 30.000000
3310 30.000000
3311 30.000000
3312 30.000000
3313 30.000000
3314 30.000000
3315 30.000000
3316 30.000000
3317 30.000000
3318 30.000000
3319 30.000000
3320 30.000000
3321 30.000000
3322 30.000000
3323 30.000000
3324 30.000000
3325 30.000000
3326 30.000000
3327 30.000000
3328 30.000000
3329 30.000000
3330 30.000000
3331 30.000000
3332 30.000000
3333 30.000000
3334 30.000000
3335 30.000000
3336 30.000000
3337 30.000000
3338 30.000000
3339 30.000000
3340 30.000000
3341 30.000000
3342 30.000000
3343 30.000000
3344 30.000000
3345 30.000000
3346 30.000000
3347 30.000000
3348 30.000000
3349 30.000000
3350 30.000000
3351 30.000000
3352 30.000000
3353 30.000000
3354 30.000000
3355 30.000000
3356 30.000000
3357 30.000000
3358 30.000000
3359 30.000000
3360 30.000000
3361 30.000000
3362 30.000000
3363 30.000000
3364 30.000000
3365 30.000000
3366 30.000000
3367 30.000000
3368 30.000000
3369 30.000000
3370 30.000000
3371 30.000000
3372 30.000000
3373 30.000000
3374 30.000000
3375 30.000000
3376 30.000000
3377 30.000000
3378 30.000000
3379 30.000000
3380 30.000000
3381 30.000000
3382 30.000000
3383 30.000000
3384 30.000000
3385 30.000000
3386 30.000000
3387 30.000000
3388 30.000000
3389 30.000000
3390 30.000000
3391 30.000000
3392 30.000000
3393 30.000000
3394 30.000000
3395 30.000000
3396 30.000000
3397 30.000000
3398 30.000000
3399 30.000000
3400 30.000000
3401 30.000000
3402 30.000000
3403 30.000000
3404 30.000000
3405 30.000000
3406 30.000000
3407 30.000000
3408 30.000000
3409 30.000000
3410 30.000000
3411 30.000000
3412 30.000000
3413 30.000000
3414 30.000000
3415 30.000000
3416 30.000000
3417 30.000000
3418 30.000000
3419 30.000000
3420 30.000000
3421 30.000000
3422 30.000000
3423 30.000000
3424 30.000000
3425 30.000000
3426 30.000000
3427 30.000000
3428 30.000000
3429 30.000000
3430 30.000000
3431 30.000000
3432 30.000000
3433 30.000000
3434 30.000000
3435 30.000000
3436 30.000000
3437 30.000000
3438 30.000000
3439 30.000000
3440 30.000000
3441 30.000000
3442 30.000000
3443 30.000000
3444 30.000000
3445 30.000000
3446 30.000000
3447 30.000000
3448 30.000000
3449 30.000000
3450 30.000000
3451 30.000000
3452 30.000000
3453 30.000000
3454 30.000000
3455 30.000000
3456 30.000000
3457 30.000000
3458 30.000000
3459 30.000000
3460 30.000000
3461 30.000000
3462 30.000000
3463 30.000000
3464 30.000000
3465 30.000000
3466 30.000000
3467 30.000000
3468 30.000000
3469 30.000000
3470 30.000000
3471 30.000000
3472 30.000000
3473 30.000000
3474 30.000000
3475 30.000000
3476 30.000000
3477 30.000000
3478 30.000000
3479 30.000000
3480 30.000000
3481 30.000000
3482 30.000000
3483 30.000000
3484 30.000000
3485 30.000000
3486 30.000000
3487 30.000000
3488 30.000000
3489 30.000000
3490 30.000000
3491 30.000000
3492 30.000000
3493 30.000000
3494 30.000000
3495 30.000000
3496 30.000000
3497 30.000000
3498 30.000000
3499 30.000000
3500 30.000000
3501 30.000000
3502 30.000000
3503 30.000000
3504 30.000000
3505 30.000000
3506 30.000000
3507 30.000000
3508 30.000000
3509 30.000000
3510 30.000000
3511 30.000000
3512 30.000000
3513 30.000000
3514 30.000000
3515 30.000000
3516 30.000000
3517 30.000000
3518 30.000000
3519 30.000000
3520 30.000000
3521 30.000000
3522 30.000000
3523 30.000000
3524 30.000000
3525 30.000000
3526 30.000000
3527 30.000000
3528 30.000000
3529 30.000000
3530 30.000000
3531 30.000000
3532 30.000000
3533 30.000000
3534 30.000000
3535 30.000000
3536 30.000000
3537 30.000000
3538 30.000000
3539 30.000000
3540 30.000000
3541 30.000000
3542 30.000000
3543 30.000000
3544 30.000000
3545 30.000000
3546 30.000000
3547 30.000000
3548 30.000000
3549 30.000000
3550 30.000000
3551 30.000000
3552 30.000000
3553 30.000000
3554 30.000000
3555 30.000000
3556 30.000000
3557 30.000000
3558 30.000000
3559 30.000000
3560 30.000000
3561 30.000000
3562 30.000000
3563 30.000000
3564 30.000000
3565 30.000000
3566 30.000000
3567 30.000000
3568 30.000000
3569 30.000000
3570 30.000000
3571 30.000000
3572 30.000000
3573 30.000000
3574 30.000000
3575 30.000000
3576 30.000000
3577 30.000000
3578 30.000000
3579 30.000000
3580 30.000000
3581 30.000000
3582 30.000000
3583 30.000000
3584 30.000000
3585 30.000000
3586 30.000000
3587 30.000000
3588 30.000000
3589 30.000000
3590 30.000000
3591 30.000000
3592 30.000000
3593 30.000000
3594 30.000000
3595 30.000000
3596 30.000000
3597 30.000000
3598 30.000000
3599 30.000000
3600 30.000000
3601 30.000000
3602 30.000000
3603 30.000000
3604 30.000000
3605 30.000000
3606 30.000000
3607 30.000000
3608 30.000000
3609 30.000000
3610 30.000000
3611 30.000000
3612 30.000000
3613 30.000000
3614 30.000000
3615 30.000000
3616 30.000000
3617 30.000000
3618 30.000000
3619 30.000000
3620 30.000000
3621 30.000000
3622 30.000000
3623 30.000000
3624 30.000000
3625 30.000000
3626 30.000000
3627 30.000000
3628 30.000000
3629 30.000000
3630 30.000000
3631 30.000000
3632 30.000000
3633 30.000000
3634 30.000000
3635 30.000000
3636 30.000000
3637 30.000000
3638 30.000000
3639 30.000000
3640 30.000000
3641 30.000000
3642 30.000000
3643 30.000000
3644 30.000000
3645 30.000000
3646 30.000000
3647 30.000000
3648 30.000000
3649 30.000000
3650 30.000000
3651 30.000000
3652 30.000000
3653 30.000000
3654 30.000000
3655 30.000000
3656 30.000000
3657 30.000000
3658 30.000000
3659 30.000000
3660 30.000000
3661 30.000000
3662 30.000000
3663 30.000000
3664 30.000000
3665 30.000000
3666 30.000000
3667 30.000000
3668 30.000000
3669 30.000000
3670 30.000000
3671 30.000000
3672 30.000000
3673 30.000000
3674 30.000000
3675 30.000000
3676 30.000000
3677 30.000000
3678 30.000000
3679 30.000000
3680 30.000000
3681 30.000000
3682 30.000000
3683 30.000000
3684 30.000000
3685 30.000000
3686 30.000000
3687 30.000000
3688 30.000000
3689 30.000000
3690 30.000000
3691 30.000000
3692 30.000000
3693 30.000000
3694 30.000000
3695 30.000000
3696 30.000000
3697 30.000000
3698 30.000000
3699 30.000000
3700 30.000000
3701 30.000000
3702 30.000000
3703 30.000000
3704 30.000000
3705 30.000000
3706 30.000000
3707 30.000000
3708 30.000000
3709 30.000000
3710 30.000000
3711 30.000000
3712 30.000000
3713 30.000000
3714 30.000000
3715 30.000000
3716 30.000000
3717 30.000000
3718 30.000000
3719 30.000000
3720 30.000000
3721 30.000000
3722 30.000000
3723 30.000000
3724 30.000000
3725 30.000000
3726 30.000000
3727 30.000000
3728 30.000000
3729 30.000000
3730 30.000000
3731 30.000000
3732 30.000000
3733 30.000000
3734 30.000000
3735 30.000000
3736 30.000000
3737 30.000000
3738 30.000000
3739 30.000000
3740 30.000000
3741 30.000000
3742 30.000000
3743 30.000000
3744 30.000000
3745 30.000000
3746 30.000000
3747 30.000000
3748 30.000000
3749 30.000000
3750 30.000000
3751 30.000000
3752 30.000000
3753 30.000000
3754 30.000000
3755 30.000000
3756 30.000000
3757 30.000000
3758 30.000000
3759 30.000000
3760 30.000000
3761 30.000000
3762 30.000000
3763 30.000000
3764 30.000000
3765 30.000000
3766 30.000000
3767 30.000000
3768 30.000000
3769 30.000000
3770 30.000000
3771 30.000000
3772 30.000000
3773 30.000000
3774 30.000000
3775 30.000000
3776 30.000000
3777 30.000000
3778 30.000000
3779 30.000000
3780 30.000000
3781 30.000000
3782 30.000000
3783 30.000000
3784 30.000000
3785 30.000000
3786 30.000000
3787 30.000000
3788 30.000000
3789 30.000000
3790 30.000000
3791 30.000000
3792 30.000000
3793 30.000000
3794 30.000000
3795 30.000000
3796 30.000000
3797 30.000000
3798 30.000000
3799 30.000000
3800 30.000000
3801 30.000000
3802 30.000000
3803 30.000000
3804 30.000000
3805 30.000000
3806 30.000000
3807 30.000000
3808 30.000000
3809 30.000000
3810 30.000000
3811 30.000000
3812 30.000000
3813 30.000000
3814 30.000000
3815 30.000000
3816 30.000000
3817 30.000000
3818 30.000000
3819 30.000000
3820 30.000000
3821 30.000000
3822 30.000000
3823 30.000000
3824 30.000000
3825 30.000000
3826 30.000000
3827 30.000000
3828 30.000000
3829 30.000000
3830 30.000000
3831 30.000000
3832 30.000000
3833 30.000000
3834 30.000000
3835 30.000000
3836 30.000000
3837 30.000000
3838 30.000000
3839 30.000000
3840 30.000000
3841 30.000000
3842 30.000000
3843 30.000000
3844 30.000000
3845 30.000000
3846 30.000000
3847 30.000000
3848 30.000000
3849 30.000000
3850 30.000000
3851 30.000000
3852 30.000000
3853 30.000000
3854 30.000000
3855 30.000000
3856 30.000000
3857 30.000000
3858 30.000000
3859 30.000000
3860 30.000000
3861 30.000000
3862 30.000000
3863 30.000000
3864 30.000000
3865 30.000000
3866 30.000000
3867 30.000000
3868 30.000000
3869 30.000000
3870 30.000000
3871 30.000000
3872 30.000000
3873 30.000000
3874 30.000000
3875 30.000000
3876 30.000000
3877 30.000000
3878 30.000000
3879 30.000000
3880 30.000000
3881 30.000000
3882 30.000000
3883 30.000000
3884 30.000000
3885 30.000000
3886 30.000000
3887 30.000000
3888 30.000000
3889 30.000000
3890 30.000000
3891 30.000000
3892 30.000000
3893 30.000000
3894 30.000000
3895 30.000000
3896 30.000000
3897 30.000000
3898 30.000000
3899 30.000000
3900 30.000000
3901 30.000000
3902 30.000000
3903 30.000000
3904 30.000000
3905 30.000000
3906 30.000000
3907 30.000000
3908 30.000000
3909 30.000000
3910 30.000000
3911 30.000000
3912 30.000000
3913 30.000000
3914 30.000000
3915 30.000000
3916 30.000000
3917 30.000000
3918 30.000000
3919 30.000000
3920 30.000000
3921 30.000000
3922 30.000000
3923 30.000000
3924 30.000000
3925 30.000000
3926 30.000000
3927 30.000000
3928 30.000000
3929 30.000000
3930 30.000000
3931 30.000000
3932 30.000000
3933 30.000000
3934 30.000000
3935 30.000000
3936 30.000000
3937 30.000000
3938 30.000000
3939 30.000000
3940 30.000000
3941 30.000000
3942 30.000000
3943 30.000000
3944 30.000000
3945 30.000000
3946 30.000000
3947 30.000000
3948 30.000000
3949 30.000000
3950 30.000000
3951 30.000000
3952 30.000000
3953 30.000000
3954 30.000000
3955 30.000000
3956 30.000000
3957 30.000000
3958 30.000000
3959 30.000000
3960 30.000000
3961 30.000000
3962 30.000000
3963 30.000000
3964 30.000000
3965 30.000000
3966 30.000000
3967 30.000000
3968 30.000000
3969 30.000000
3970 30.000000
3971 30.000000
3972 30.000000
3973 30.000000
3974 30.000000
3975 30.000000
3976 30.000000
3977 30.000000
3978 30.000000
3979 30.000000
3980 30.000000
3981 30.000000
3982 30.000000
3983 30.000000
3984 30.000000
3985 30.000000
3986 30.000000
3987 30.000000
3988 30.000000
3989 30.000000
3990 30.000000
3991 30.000000
3992 30.000000
3993 30.000000
3994 30.000000
3995 30.000000
3996 30.000000
3997 30.000000
3998 30.000000
3999 30.000000
4000 30.000000
