0 23352.166667
1 23543.833333
2 24164.000000
3 25326.833333
4 26314.500000
5 26562.733333
6 27951.300000
7 29860.233333
8 31007.566667
9 31848.333333
10 33361.500000
11 33671.533333
12 34557.433333
13 36415.733333
14 38951.333333
15 39190.900000
16 40593.100000
17 40945.200000
18 41765.833333
19 42352.133333
20 42386.600000
21 42420.800000
22 42694.933333
23 42805.933333
24 42814.466667
25 42816.666667
26 43365.733333
27 43451.600000
28 44134.400000
29 44782.933333
30 44801.200000
31 44835.333333
32 45930.800000
33 45948.400000
34 46087.066667
35 46162.800000
36 46163.866667
37 46163.866667
38 46710.266667
39 46781.733333
40 46850.533333
41 46850.600000
42 46851.100000
43 46851.100000
44 46887.366667
45 47096.433333
46 47403.633333
47 47403.900000
48 47403.933333
49 47403.933333
50 47404.533333
51 47421.600000
52 47439.900000
53 47439.900000
54 47439.900000
55 47439.900000
56 47439.900000
57 47713.000000
58 47713.000000
59 47713.000000
60 47713.000000
61 47713.000000
62 47713.000000
63 48259.133333
64 48259.133333
65 48259.133333
66 48259.133333
67 48532.200000
68 48532.200000
69 48532.200000
70 48532.200000
71 48532.200000
72 48532.200000
73 48532.200000
74 48532.200000
75 48532.200000
76 49078.333333
77 49078.333333
78 49078.333333
79 49078.333333
80 49078.333333
81 49078.333333
82 49078.333333
83 49078.333333
84 49078.333333
85 49146.600000
86 49146.600000
87 49146.600000
88 49146.600000
89 49146.600000
90 49146.600000
91 49146.733333
92 49146.733333
93 49151.000000
94 49151.000000
95 49151.000000
96 49151.000000
97 49151.000000
98 49151.000000
99 49151.000000
100 49151.000000
101 49151.000000
102 49151.000000
103 49151.000000
104 49151.000000
105 49151.000000
106 49151.000000
107 49151.000000
108 49151.000000
109 49151.000000
110 49151.000000
111 49151.000000
112 49151.000000
113 49151.000000
114 49151.000000
115 49151.000000
116 49151.000000
117 49151.000000
118 49151.000000
119 49151.000000
120 49151.000000
121 49151.000000
122 49151.000000
123 49151.000000
124 49151.000000
125 49151.000000
126 49151.000000
127 49151.000000
128 49151.000000
129 49151.000000
130 49151.000000
131 49151.000000
132 49151.000000
133 49151.000000
134 49151.000000
135 49151.000000
136 49151.000000
137 49151.000000
138 49151.000000
139 49151.000000
140 49151.000000
141 49151.000000
142 49151.000000
143 49151.000000
144 49151.000000
145 49151.000000
146 49151.000000
147 49151.000000
148 49151.000000
149 49151.000000
150 49151.000000
151 49151.000000
152 49151.000000
153 49151.000000
154 49151.000000
155 49151.000000
156 49151.000000
157 49151.000000
158 49151.000000
159 49151.000000
160 49151.000000
161 49151.000000
162 49151.000000
163 49151.000000
164 49151.000000
165 49151.000000
166 49151.000000
167 49151.000000
168 49151.000000
169 49151.000000
170 49151.000000
171 49151.000000
172 49151.000000
173 49151.000000
174 49151.000000
175 49151.000000
176 49151.000000
177 49151.000000
178 49151.000000
179 49151.000000
180 49151.000000
181 49151.000000
182 49151.000000
183 49151.000000
184 49151.000000
185 49151.000000
186 49151.000000
187 49151.000000
188 49151.000000
189 49151.000000
190 49151.000000
191 49151.000000
192 49151.000000
193 49151.000000
194 49151.000000
195 49151.000000
196 49151.000000
197 49151.000000
198 49151.000000
199 49151.000000
200 49151.000000
201 49151.000000
202 49151.000000
203 49151.000000
204 49151.000000
205 49151.000000
206 49151.000000
207 49151.000000
208 49151.000000
209 49151.000000
210 49151.000000
211 49151.000000
212 49151.000000
213 49151.000000
214 49151.000000
215 49151.000000
216 49151.000000
217 49151.000000
218 49151.000000
219 49151.000000
220 49151.000000
221 49151.000000
222 49151.000000
223 49151.000000
224 49151.000000
225 49151.000000
226 49151.000000
227 49151.000000
228 49151.000000
229 49151.000000
230 49151.000000
231 49151.000000
232 49151.000000
233 49151.000000
234 49151.000000
235 49151.000000
236 49151.000000
237 49151.000000
238 49151.000000
239 49151.000000
240 49151.000000
241 49151.000000
242 49151.000000
243 49151.000000
244 49151.000000
245 49151.000000
246 49151.000000
247 49151.000000
248 49151.000000
249 49151.000000
250 49151.000000
251 49151.000000
252 49151.000000
253 49151.000000
254 49151.000000
255 49151.000000
256 49151.000000
257 49151.000000
258 49151.000000
259 49151.000000
260 49151.000000
261 49151.000000
262 49151.000000
263 49151.000000
264 49151.000000
265 49151.000000
266 49151.000000
267 49151.000000
268 49151.000000
269 49151.000000
270 49151.000000
271 49151.000000
272 49151.000000
273 49151.000000
274 49151.000000
275 49151.000000
276 49151.000000
277 49151.000000
278 49151.000000
279 49151.000000
280 49151.000000
281 49151.000000
282 49151.000000
283 49151.000000
284 49151.000000
285 49151.000000
286 49151.000000
287 49151.000000
288 49151.000000
289 49151.000000
290 49151.000000
291 49151.000000
292 49151.000000
293 49151.000000
294 49151.000000
295 49151.000000
296 49151.000000
297 49151.000000
298 49151.000000
299 49151.000000
300 49151.000000
301 49151.000000
302 49151.000000
303 49151.000000
304 49151.000000
305 49151.000000
306 49151.000000
307 49151.000000
308 49151.000000
309 49151.000000
310 49151.000000
311 49151.000000
312 49151.000000
313 49151.000000
314 49151.000000
315 49151.000000
316 49151.000000
317 49151.000000
318 49151.000000
319 49151.000000
320 49151.000000
321 49151.000000
322 49151.000000
323 49151.000000
324 49151.000000
325 49151.000000
326 49151.000000
327 49151.000000
328 49151.000000
329 49151.000000
330 49151.000000
331 49151.000000
332 49151.000000
333 49151.000000
334 49151.000000
335 49151.000000
336 49151.000000
337 49151.000000
338 49151.000000
339 49151.000000
340 49151.000000
341 49151.000000
342 49151.000000
343 49151.000000
344 49151.000000
345 49151.000000
346 49151.000000
347 49151.000000
348 49151.000000
349 49151.000000
350 49151.000000
351 49151.000000
352 49151.000000
353 49151.000000
354 49151.000000
355 49151.000000
356 49151.000000
357 49151.000000
358 49151.000000
359 49151.000000
360 49151.000000
361 49151.000000
362 49151.000000
363 49151.000000
364 49151.000000
365 49151.000000
366 49151.000000
367 49151.000000
368 49151.000000
369 49151.000000
370 49151.000000
371 49151.000000
372 49151.000000
373 49151.000000
374 49151.000000
375 49151.000000
376 49151.000000
377 49151.000000
378 49151.000000
379 49151.000000
380 49151.000000
381 49151.000000
382 49151.000000
383 49151.000000
384 49151.000000
385 49151.000000
386 49151.000000
387 49151.000000
388 49151.000000
389 49151.000000
390 49151.000000
391 49151.000000
392 49151.000000
393 49151.000000
394 49151.000000
395 49151.000000
396 49151.000000
397 49151.000000
398 49151.000000
399 49151.000000
400 49151.000000
401 49151.000000
402 49151.000000
403 49151.000000
404 49151.000000
405 49151.000000
406 49151.000000
407 49151.000000
408 49151.000000
409 49151.000000
410 49151.000000
411 49151.000000
412 49151.000000
413 49151.000000
414 49151.000000
415 49151.000000
416 49151.000000
417 49151.000000
418 49151.000000
419 49151.000000
420 49151.000000
421 49151.000000
422 49151.000000
423 49151.000000
424 49151.000000
425 49151.000000
426 49151.000000
427 49151.000000
428 49151.000000
429 49151.000000
430 49151.000000
431 49151.000000
432 49151.000000
433 49151.000000
434 49151.000000
435 49151.000000
436 49151.000000
437 49151.000000
438 49151.000000
439 49151.000000
440 49151.000000
441 49151.000000
442 49151.000000
443 49151.000000
444 49151.000000
445 49151.000000
446 49151.000000
447 49151.000000
448 49151.000000
449 49151.000000
450 49151.000000
451 49151.000000
452 49151.000000
453 49151.000000
454 49151.000000
455 49151.000000
456 49151.000000
457 49151.000000
458 49151.000000
459 49151.000000
460 49151.000000
461 49151.000000
462 49151.000000
463 49151.000000
464 49151.000000
465 49151.000000
466 49151.000000
467 49151.000000
468 49151.000000
469 49151.000000
470 49151.000000
471 49151.000000
472 49151.000000
473 49151.000000
474 49151.000000
475 49151.000000
476 49151.000000
477 49151.000000
478 49151.000000
479 49151.000000
480 49151.000000
481 49151.000000
482 49151.000000
483 49151.000000
484 49151.000000
485 49151.000000
486 49151.000000
487 49151.000000
488 49151.000000
489 49151.000000
490 49151.000000
491 49151.000000
492 49151.000000
493 49151.000000
494 49151.000000
495 49151.000000
496 49151.000000
497 49151.000000
498 49151.000000
499 49151.000000
500 49151.000000
501 49151.000000
502 49151.000000
503 49151.000000
504 49151.000000
505 49151.000000
506 49151.000000
507 49151.000000
508 49151.000000
509 49151.000000
510 49151.000000
511 49151.000000
512 49151.000000
513 49151.000000
514 49151.000000
515 49151.000000
516 49151.000000
517 49151.000000
518 49151.000000
519 49151.000000
520 49151.000000
521 49151.000000
522 49151.000000
523 49151.000000
524 49151.000000
525 49151.000000
526 49151.000000
527 49151.000000
528 49151.000000
529 49151.000000
530 49151.000000
531 49151.000000
532 49151.000000
533 49151.000000
534 49151.000000
535 49151.000000
536 49151.000000
537 49151.000000
538 49151.000000
539 49151.000000
540 49151.000000
541 49151.000000
542 49151.000000
543 49151.000000
544 49151.000000
545 49151.000000
546 49151.000000
547 49151.000000
548 49151.000000
549 49151.000000
550 49151.000000
551 49151.000000
552 49151.000000
553 49151.000000
554 49151.000000
555 49151.000000
556 49151.000000
557 49151.000000
558 49151.000000
559 49151.000000
560 49151.000000
561 49151.000000
562 49151.000000
563 49151.000000
564 49151.000000
565 49151.000000
566 49151.000000
567 49151.000000
568 49151.000000
569 49151.000000
570 49151.000000
571 49151.000000
572 49151.000000
573 49151.000000
574 49151.000000
575 49151.000000
576 49151.000000
577 49151.000000
578 49151.000000
579 49151.000000
580 49151.000000
581 49151.000000
582 49151.000000
583 49151.000000
584 49151.000000
585 49151.000000
586 49151.000000
587 49151.000000
588 49151.000000
589 49151.000000
590 49151.000000
591 49151.000000
592 49151.000000
593 49151.000000
594 49151.000000
595 49151.000000
596 49151.000000
597 49151.000000
598 49151.000000
599 49151.000000
600 49151.000000
601 49151.000000
602 49151.000000
603 49151.000000
604 49151.000000
605 49151.000000
606 49151.000000
607 49151.000000
608 49151.000000
609 49151.000000
610 49151.000000
611 49151.000000
612 49151.000000
613 49151.000000
614 49151.000000
615 49151.000000
616 49151.000000
617 49151.000000
618 49151.000000
619 49151.000000
620 49151.000000
621 49151.000000
622 49151.000000
623 49151.000000
624 49151.000000
625 49151.000000
626 49151.000000
627 49151.000000
628 49151.000000
629 49151.000000
630 49151.000000
631 49151.000000
632 49151.000000
633 49151.000000
634 49151.000000
635 49151.000000
636 49151.000000
637 49151.000000
638 49151.000000
639 49151.000000
640 49151.000000
641 49151.000000
642 49151.000000
643 49151.000000
644 49151.000000
645 49151.000000
646 49151.000000
647 49151.000000
648 49151.000000
649 49151.000000
650 49151.000000
651 49151.000000
652 49151.000000
653 49151.000000
654 49151.000000
655 49151.000000
656 49151.000000
657 49151.000000
658 49151.000000
659 49151.000000
660 49151.000000
661 49151.000000
662 49151.000000
663 49151.000000
664 49151.000000
665 49151.000000
666 49151.000000
667 49151.000000
668 49151.000000
669 49151.000000
670 49151.000000
671 49151.000000
672 49151.000000
673 49151.000000
674 49151.000000
675 49151.000000
676 49151.000000
677 49151.000000
678 49151.000000
679 49151.000000
680 49151.000000
681 49151.000000
682 49151.000000
683 49151.000000
684 49151.000000
685 49151.000000
686 49151.000000
687 49151.000000
688 49151.000000
689 49151.000000
690 49151.000000
691 49151.000000
692 49151.000000
693 49151.000000
694 49151.000000
695 49151.000000
696 49151.000000
697 49151.000000
698 49151.000000
699 49151.000000
700 49151.000000
701 49151.000000
702 49151.000000
703 49151.000000
704 49151.000000
705 49151.000000
706 49151.000000
707 49151.000000
708 49151.000000
709 49151.000000
710 49151.000000
711 49151.000000
712 49151.000000
713 49151.000000
714 49151.000000
715 49151.000000
716 49151.000000
717 49151.000000
718 49151.000000
719 49151.000000
720 49151.000000
721 49151.000000
722 49151.000000
723 49151.000000
724 49151.000000
725 49151.000000
726 49151.000000
727 49151.000000
728 49151.000000
729 49151.000000
730 49151.000000
731 49151.000000
732 49151.000000
733 49151.000000
734 49151.000000
735 49151.000000
736 49151.000000
737 49151.000000
738 49151.000000
739 49151.000000
740 49151.000000
741 49151.000000
742 49151.000000
743 49151.000000
744 49151.000000
745 49151.000000
746 49151.000000
747 49151.000000
748 49151.000000
749 49151.000000
750 49151.000000
751 49151.000000
752 49151.000000
753 49151.000000
754 49151.000000
755 49151.000000
756 49151.000000
757 49151.000000
758 49151.000000
759 49151.000000
760 49151.000000
761 49151.000000
762 49151.000000
763 49151.000000
764 49151.000000
765 49151.000000
766 49151.000000
767 49151.000000
768 49151.000000
769 49151.000000
770 49151.000000
771 49151.000000
772 49151.000000
773 49151.000000
774 49151.000000
775 49151.000000
776 49151.000000
777 49151.000000
778 49151.000000
779 49151.000000
780 49151.000000
781 49151.000000
782 49151.000000
783 49151.000000
784 49151.000000
785 49151.000000
786 49151.000000
787 49151.000000
788 49151.000000
789 49151.000000
790 49151.000000
791 49151.000000
792 49151.000000
793 49151.000000
794 49151.000000
795 49151.000000
796 49151.000000
797 49151.000000
798 49151.000000
799 49151.000000
800 49151.000000
801 49151.000000
802 49151.000000
803 49151.000000
804 49151.000000
805 49151.000000
806 49151.000000
807 49151.000000
808 49151.000000
809 49151.000000
810 49151.000000
811 49151.000000
812 49151.000000
813 49151.000000
814 49151.000000
815 49151.000000
816 49151.000000
817 49151.000000
818 49151.000000
819 49151.000000
820 49151.000000
821 49151.000000
822 49151.000000
823 49151.000000
824 49151.000000
825 49151.000000
826 49151.000000
827 49151.000000
828 49151.000000
829 49151.000000
830 49151.000000
831 49151.000000
832 49151.000000
833 49151.000000
834 49151.000000
835 49151.000000
836 49151.000000
837 49151.000000
838 49151.000000
839 49151.000000
840 49151.000000
841 49151.000000
842 49151.000000
843 49151.000000
844 49151.000000
845 49151.000000
846 49151.000000
847 49151.000000
848 49151.000000
849 49151.000000
850 49151.000000
851 49151.000000
852 49151.000000
853 49151.000000
854 49151.000000
855 49151.000000
856 49151.000000
857 49151.000000
858 49151.000000
859 49151.000000
860 49151.000000
861 49151.000000
862 49151.000000
863 49151.000000
864 49151.000000
865 49151.000000
866 49151.000000
867 49151.000000
868 49151.000000
869 49151.000000
870 49151.000000
871 49151.000000
872 49151.000000
873 49151.000000
874 49151.000000
875 49151.000000
876 49151.000000
877 49151.000000
878 49151.000000
879 49151.000000
880 49151.000000
881 49151.000000
882 49151.000000
883 49151.000000
884 49151.000000
885 49151.000000
886 49151.000000
887 49151.000000
888 49151.000000
889 49151.000000
890 49151.000000
891 49151.000000
892 49151.000000
893 49151.000000
894 49151.000000
895 49151.000000
896 49151.000000
897 49151.000000
898 49151.000000
899 49151.000000
900 49151.000000
901 49151.000000
902 49151.000000
903 49151.000000
904 49151.000000
905 49151.000000
906 49151.000000
907 49151.000000
908 49151.000000
909 49151.000000
910 49151.000000
911 49151.000000
912 49151.000000
913 49151.000000
914 49151.000000
915 49151.000000
916 49151.000000
917 49151.000000
918 49151.000000
919 49151.000000
920 49151.000000
921 49151.000000
922 49151.000000
923 49151.000000
924 49151.000000
925 49151.000000
926 49151.000000
927 49151.000000
928 49151.000000
929 49151.000000
930 49151.000000
931 49151.000000
932 49151.000000
933 49151.000000
934 49151.000000
935 49151.000000
936 49151.000000
937 49151.000000
938 49151.000000
939 49151.000000
940 49151.000000
941 49151.000000
942 49151.000000
943 49151.000000
944 49151.000000
945 49151.000000
946 49151.000000
947 49151.000000
948 49151.000000
949 49151.000000
950 49151.000000
951 49151.000000
952 49151.000000
953 49151.000000
954 49151.000000
955 49151.000000
956 49151.000000
957 49151.000000
958 49151.000000
959 49151.000000
960 49151.000000
961 49151.000000
962 49151.000000
963 49151.000000
964 49151.000000
965 49151.000000
966 49151.000000
967 49151.000000
968 49151.000000
969 49151.000000
970 49151.000000
971 49151.000000
972 49151.000000
973 49151.000000
974 49151.000000
975 49151.000000
976 49151.000000
977 49151.000000
978 49151.000000
979 49151.000000
980 49151.000000
981 49151.000000
982 49151.000000
983 49151.000000
984 49151.000000
985 49151.000000
986 49151.000000
987 49151.000000
988 49151.000000
989 49151.000000
990 49151.000000
991 49151.000000
992 49151.000000
993 49151.000000
994 49151.000000
995 49151.000000
996 49151.000000
997 49151.000000
998 49151.000000
999 49151.000000
1000 49151.000000
