0 48.933333
1 48.933333
2 48.800000
3 48.866667
4 48.866667
5 48.700000
6 48.833333
7 49.266667
8 49.533333
9 50.066667
10 50.633333
11 51.033333
12 51.666667
13 52.133333
14 52.566667
15 53.000000
16 53.433333
17 53.933333
18 54.466667
19 54.866667
20 55.333333
21 55.766667
22 56.133333
23 56.533333
24 56.900000
25 57.466667
26 57.900000
27 58.233333
28 58.666667
29 59.200000
30 59.633333
31 60.033333
32 60.400000
33 60.700000
34 61.133333
35 61.400000
36 61.766667
37 62.266667
38 62.633333
39 62.900000
40 63.366667
41 63.600000
42 64.000000
43 64.366667
44 64.766667
45 65.066667
46 65.366667
47 65.533333
48 65.800000
49 66.233333
50 66.566667
51 66.766667
52 67.100000
53 67.333333
54 67.600000
55 67.900000
56 68.033333
57 68.466667
58 69.033333
59 69.333333
60 69.700000
61 69.833333
62 70.100000
63 70.433333
64 70.666667
65 71.000000
66 71.200000
67 71.500000
68 71.833333
69 72.133333
70 72.500000
71 72.733333
72 73.000000
73 73.166667
74 73.466667
75 73.733333
76 74.133333
77 74.366667
78 74.666667
79 74.900000
80 75.066667
81 75.333333
82 75.433333
83 75.666667
84 75.933333
85 76.200000
86 76.500000
87 76.833333
88 77.200000
89 77.400000
90 77.566667
91 77.766667
92 77.966667
93 78.200000
94 78.433333
95 78.600000
96 78.866667
97 79.000000
98 79.200000
99 79.433333
100 79.533333
101 79.733333
102 79.900000
103 80.166667
104 80.433333
105 80.700000
106 80.800000
107 81.000000
108 81.233333
109 81.300000
110 81.433333
111 81.566667
112 81.833333
113 82.000000
114 82.166667
115 82.266667
116 82.466667
117 82.733333
118 82.900000
119 83.100000
120 83.200000
121 83.300000
122 83.400000
123 83.700000
124 83.933333
125 84.200000
126 84.333333
127 84.466667
128 84.666667
129 84.833333
130 84.933333
131 85.000000
132 85.100000
133 85.300000
134 85.366667
135 85.633333
136 85.866667
137 86.000000
138 86.133333
139 86.300000
140 86.500000
141 86.600000
142 86.800000
143 86.933333
144 87.000000
145 87.100000
146 87.200000
147 87.366667
148 87.500000
149 87.600000
150 87.733333
151 87.833333
152 88.000000
153 88.100000
154 88.166667
155 88.366667
156 88.500000
157 88.666667
158 88.766667
159 88.933333
160 89.033333
161 89.066667
162 89.233333
163 89.333333
164 89.466667
165 89.600000
166 89.666667
167 89.766667
168 89.833333
169 89.933333
170 90.033333
171 90.166667
172 90.233333
173 90.266667
174 90.366667
175 90.433333
176 90.500000
177 90.533333
178 90.666667
179 90.766667
180 90.866667
181 90.933333
182 91.000000
183 91.033333
184 91.133333
185 91.266667
186 91.333333
187 91.500000
188 91.733333
189 91.900000
190 91.933333
191 92.133333
192 92.200000
193 92.266667
194 92.266667
195 92.266667
196 92.300000
197 92.433333
198 92.600000
199 92.700000
200 92.733333
201 92.766667
202 92.833333
203 92.900000
204 93.000000
205 93.033333
206 93.100000
207 93.100000
208 93.166667
209 93.366667
210 93.366667
211 93.466667
212 93.533333
213 93.600000
214 93.666667
215 93.766667
216 93.866667
217 93.933333
218 94.033333
219 94.100000
220 94.133333
221 94.166667
222 94.233333
223 94.333333
224 94.400000
225 94.433333
226 94.466667
227 94.500000
228 94.533333
229 94.566667
230 94.566667
231 94.600000
232 94.633333
233 94.666667
234 94.666667
235 94.800000
236 94.800000
237 94.900000
238 94.900000
239 94.900000
240 94.933333
241 94.933333
242 94.966667
243 95.066667
244 95.100000
245 95.200000
246 95.266667
247 95.333333
248 95.366667
249 95.400000
250 95.400000
251 95.466667
252 95.500000
253 95.500000
254 95.533333
255 95.566667
256 95.700000
257 95.733333
258 95.800000
259 95.866667
260 95.900000
261 95.900000
262 95.933333
263 96.000000
264 96.000000
265 96.033333
266 96.033333
267 96.100000
268 96.200000
269 96.300000
270 96.333333
271 96.333333
272 96.366667
273 96.466667
274 96.466667
275 96.466667
276 96.500000
277 96.500000
278 96.566667
279 96.566667
280 96.600000
281 96.600000
282 96.600000
283 96.633333
284 96.700000
285 96.800000
286 96.800000
287 96.833333
288 96.833333
289 96.833333
290 96.866667
291 96.866667
292 96.900000
293 96.933333
294 97.000000
295 97.033333
296 97.066667
297 97.066667
298 97.100000
299 97.100000
300 97.133333
301 97.200000
302 97.233333
303 97.266667
304 97.266667
305 97.300000
306 97.366667
307 97.366667
308 97.366667
309 97.433333
310 97.466667
311 97.533333
312 97.533333
313 97.533333
314 97.566667
315 97.600000
316 97.600000
317 97.633333
318 97.666667
319 97.666667
320 97.700000
321 97.700000
322 97.700000
323 97.700000
324 97.700000
325 97.700000
326 97.700000
327 97.733333
328 97.766667
329 97.800000
330 97.833333
331 97.833333
332 97.833333
333 97.866667
334 97.933333
335 97.933333
336 97.966667
337 98.000000
338 98.033333
339 98.100000
340 98.133333
341 98.133333
342 98.166667
343 98.166667
344 98.166667
345 98.200000
346 98.233333
347 98.233333
348 98.233333
349 98.233333
350 98.266667
351 98.266667
352 98.266667
353 98.266667
354 98.266667
355 98.300000
356 98.300000
357 98.300000
358 98.300000
359 98.300000
360 98.300000
361 98.333333
362 98.333333
363 98.366667
364 98.400000
365 98.433333
366 98.433333
367 98.433333
368 98.433333
369 98.433333
370 98.433333
371 98.466667
372 98.466667
373 98.500000
374 98.500000
375 98.500000
376 98.500000
377 98.500000
378 98.533333
379 98.566667
380 98.566667
381 98.666667
382 98.666667
383 98.666667
384 98.666667
385 98.666667
386 98.666667
387 98.666667
388 98.666667
389 98.700000
390 98.700000
391 98.700000
392 98.700000
393 98.700000
394 98.733333
395 98.733333
396 98.733333
397 98.733333
398 98.800000
399 98.800000
400 98.866667
401 98.866667
402 98.866667
403 98.866667
404 98.866667
405 98.900000
406 98.933333
407 98.933333
408 98.966667
409 98.966667
410 98.966667
411 98.966667
412 98.966667
413 98.966667
414 98.966667
415 98.966667
416 99.033333
417 99.033333
418 99.066667
419 99.100000
420 99.100000
421 99.133333
422 99.133333
423 99.133333
424 99.133333
425 99.133333
426 99.166667
427 99.166667
428 99.200000
429 99.233333
430 99.233333
431 99.233333
432 99.233333
433 99.233333
434 99.233333
435 99.233333
436 99.233333
437 99.233333
438 99.233333
439 99.233333
440 99.266667
441 99.266667
442 99.266667
443 99.266667
444 99.266667
445 99.300000
446 99.300000
447 99.333333
448 99.333333
449 99.333333
450 99.333333
451 99.333333
452 99.400000
453 99.400000
454 99.400000
455 99.400000
456 99.400000
457 99.400000
458 99.400000
459 99.400000
460 99.400000
461 99.400000
462 99.400000
463 99.400000
464 99.433333
465 99.433333
466 99.466667
467 99.466667
468 99.466667
469 99.466667
470 99.466667
471 99.466667
472 99.466667
473 99.466667
474 99.466667
475 99.466667
476 99.466667
477 99.466667
478 99.466667
479 99.466667
480 99.466667
481 99.466667
482 99.466667
483 99.466667
484 99.466667
485 99.466667
486 99.466667
487 99.466667
488 99.466667
489 99.466667
490 99.466667
491 99.466667
492 99.466667
493 99.466667
494 99.466667
495 99.466667
496 99.466667
497 99.500000
498 99.500000
499 99.500000
500 99.533333
501 99.533333
502 99.533333
503 99.533333
504 99.533333
505 99.533333
506 99.533333
507 99.533333
508 99.533333
509 99.533333
510 99.566667
511 99.566667
512 99.566667
513 99.566667
514 99.566667
515 99.566667
516 99.600000
517 99.600000
518 99.600000
519 99.600000
520 99.600000
521 99.600000
522 99.633333
523 99.633333
524 99.633333
525 99.633333
526 99.633333
527 99.633333
528 99.633333
529 99.633333
530 99.666667
531 99.666667
532 99.666667
533 99.666667
534 99.666667
535 99.666667
536 99.666667
537 99.666667
538 99.666667
539 99.666667
540 99.666667
541 99.666667
542 99.666667
543 99.666667
544 99.666667
545 99.666667
546 99.666667
547 99.666667
548 99.666667
549 99.666667
550 99.666667
551 99.666667
552 99.666667
553 99.700000
554 99.700000
555 99.700000
556 99.700000
557 99.700000
558 99.700000
559 99.700000
560 99.700000
561 99.700000
562 99.700000
563 99.700000
564 99.733333
565 99.766667
566 99.766667
567 99.766667
568 99.766667
569 99.766667
570 99.766667
571 99.766667
572 99.766667
573 99.766667
574 99.766667
575 99.766667
576 99.766667
577 99.766667
578 99.800000
579 99.800000
580 99.800000
581 99.800000
582 99.800000
583 99.800000
584 99.800000
585 99.800000
586 99.800000
587 99.800000
588 99.800000
589 99.800000
590 99.800000
591 99.800000
592 99.833333
593 99.833333
594 99.833333
595 99.833333
596 99.833333
597 99.833333
598 99.833333
599 99.833333
600 99.833333
601 99.833333
602 99.833333
603 99.833333
604 99.833333
605 99.833333
606 99.833333
607 99.833333
608 99.833333
609 99.833333
610 99.866667
611 99.866667
612 99.866667
613 99.866667
614 99.866667
615 99.866667
616 99.866667
617 99.866667
618 99.866667
619 99.866667
620 99.866667
621 99.866667
622 99.866667
623 99.866667
624 99.866667
625 99.866667
626 99.866667
627 99.866667
628 99.866667
629 99.866667
630 99.866667
631 99.866667
632 99.866667
633 99.866667
634 99.866667
635 99.866667
636 99.866667
637 99.866667
638 99.866667
639 99.866667
640 99.866667
641 99.866667
642 99.900000
643 99.900000
644 99.900000
645 99.900000
646 99.900000
647 99.900000
648 99.900000
649 99.900000
650 99.900000
651 99.900000
652 99.900000
653 99.900000
654 99.900000
655 99.933333
656 99.933333
657 99.933333
658 99.933333
659 99.933333
660 99.933333
661 99.933333
662 99.933333
663 99.933333
664 99.933333
665 99.966667
666 99.966667
667 99.966667
668 99.966667
669 99.966667
670 99.966667
671 99.966667
672 99.966667
673 99.966667
674 99.966667
675 99.966667
676 99.966667
677 99.966667
678 99.966667
679 99.966667
680 99.966667
681 99.966667
682 99.966667
683 99.966667
684 99.966667
685 99.966667
686 99.966667
687 99.966667
688 99.966667
689 99.966667
690 99.966667
691 99.966667
692 99.966667
693 99.966667
694 99.966667
695 99.966667
696 99.966667
697 99.966667
698 99.966667
699 99.966667
700 99.966667
701 99.966667
702 99.966667
703 99.966667
704 99.966667
705 99.966667
706 99.966667
707 99.966667
708 99.966667
709 99.966667
710 99.966667
711 99.966667
712 99.966667
713 99.966667
714 99.966667
715 99.966667
716 99.966667
717 99.966667
718 99.966667
719 99.966667
720 99.966667
721 99.966667
722 99.966667
723 99.966667
724 99.966667
725 99.966667
726 99.966667
727 99.966667
728 99.966667
729 99.966667
730 99.966667
731 99.966667
732 99.966667
733 99.966667
734 99.966667
735 99.966667
736 99.966667
737 99.966667
738 99.966667
739 99.966667
740 99.966667
741 99.966667
742 99.966667
743 99.966667
744 99.966667
745 99.966667
746 99.966667
747 99.966667
748 99.966667
749 99.966667
750 99.966667
751 99.966667
752 99.966667
753 99.966667
754 99.966667
755 99.966667
756 99.966667
757 99.966667
758 99.966667
759 99.966667
760 99.966667
761 99.966667
762 99.966667
763 99.966667
764 99.966667
765 99.966667
766 99.966667
767 99.966667
768 99.966667
769 99.966667
770 99.966667
771 99.966667
772 99.966667
773 99.966667
774 99.966667
775 99.966667
776 99.966667
777 99.966667
778 99.966667
779 99.966667
780 99.966667
781 99.966667
782 99.966667
783 99.966667
784 99.966667
785 99.966667
786 99.966667
787 99.966667
788 99.966667
789 99.966667
790 99.966667
791 99.966667
792 99.966667
793 99.966667
794 99.966667
795 99.966667
796 99.966667
797 99.966667
798 99.966667
799 99.966667
800 99.966667
801 100.000000
802 100.000000
803 100.000000
804 100.000000
805 100.000000
806 100.000000
807 100.000000
808 100.000000
809 100.000000
810 100.000000
811 100.000000
812 100.000000
813 100.000000
814 100.000000
815 100.000000
816 100.000000
817 100.000000
818 100.000000
819 100.000000
820 100.000000
821 100.000000
822 100.000000
823 100.000000
824 100.000000
825 100.000000
826 100.000000
827 100.000000
828 100.000000
829 100.000000
830 100.000000
831 100.000000
832 100.000000
833 100.000000
834 100.000000
835 100.000000
836 100.000000
837 100.000000
838 100.000000
839 100.000000
840 100.000000
841 100.000000
842 100.000000
843 100.000000
844 100.000000
845 100.000000
846 100.000000
847 100.000000
848 100.000000
849 100.000000
850 100.000000
851 100.000000
852 100.000000
853 100.000000
854 100.000000
855 100.000000
856 100.000000
857 100.000000
858 100.000000
859 100.000000
860 100.000000
861 100.000000
862 100.000000
863 100.000000
864 100.000000
865 100.000000
866 100.000000
867 100.000000
868 100.000000
869 100.000000
870 100.000000
871 100.000000
872 100.000000
873 100.000000
874 100.000000
875 100.000000
876 100.000000
877 100.000000
878 100.000000
879 100.000000
880 100.000000
881 100.000000
882 100.000000
883 100.000000
884 100.000000
885 100.000000
886 100.000000
887 100.000000
888 100.000000
889 100.000000
890 100.000000
891 100.000000
892 100.000000
893 100.000000
894 100.000000
895 100.000000
896 100.000000
897 100.000000
898 100.000000
899 100.000000
900 100.000000
901 100.000000
902 100.000000
903 100.000000
904 100.000000
905 100.000000
906 100.000000
907 100.000000
908 100.000000
909 100.000000
910 100.000000
911 100.000000
912 100.000000
913 100.000000
914 100.000000
915 100.000000
916 100.000000
917 100.000000
918 100.000000
919 100.000000
920 100.000000
921 100.000000
922 100.000000
923 100.000000
924 100.000000
925 100.000000
926 100.000000
927 100.000000
928 100.000000
929 100.000000
930 100.000000
931 100.000000
932 100.000000
933 100.000000
934 100.000000
935 100.000000
936 100.000000
937 100.000000
938 100.000000
939 100.000000
940 100.000000
941 100.000000
942 100.000000
943 100.000000
944 100.000000
945 100.000000
946 100.000000
947 100.000000
948 100.000000
949 100.000000
950 100.000000
951 100.000000
952 100.000000
953 100.000000
954 100.000000
955 100.000000
956 100.000000
957 100.000000
958 100.000000
959 100.000000
960 100.000000
961 100.000000
962 100.000000
963 100.000000
964 100.000000
965 100.000000
966 100.000000
967 100.000000
968 100.000000
969 100.000000
970 100.000000
971 100.000000
972 100.000000
973 100.000000
974 100.000000
975 100.000000
976 100.000000
977 100.000000
978 100.000000
979 100.000000
980 100.000000
981 100.000000
982 100.000000
983 100.000000
984 100.000000
985 100.000000
986 100.000000
987 100.000000
988 100.000000
989 100.000000
990 100.000000
991 100.000000
992 100.000000
993 100.000000
994 100.000000
995 100.000000
996 100.000000
997 100.000000
998 100.000000
999 100.000000
1000 100.000000
