0 50
1 50
2 50
3 50
4 50
5 50
6 50
7 50
8 50
9 51
10 52
11 53
12 54
13 55
14 56
15 57
16 57
17 57
18 58
19 58
20 58
21 59
22 60
23 60
24 60
25 60
26 60
27 60
28 61
29 61
30 61
31 61
32 61
33 62
34 62
35 63
36 63
37 63
38 63
39 64
40 65
41 65
42 65
43 66
44 66
45 66
46 66
47 66
48 67
49 68
50 68
51 69
52 70
53 70
54 70
55 70
56 70
57 70
58 71
59 71
60 71
61 72
62 72
63 72
64 73
65 73
66 73
67 74
68 74
69 74
70 74
71 74
72 75
73 75
74 75
75 75
76 75
77 76
78 76
79 76
80 76
81 76
82 76
83 77
84 77
85 77
86 78
87 78
88 79
89 79
90 79
91 79
92 80
93 80
94 80
95 80
96 80
97 80
98 81
99 81
100 81
101 81
102 82
103 82
104 83
105 83
106 83
107 83
108 83
109 83
110 84
111 84
112 84
113 84
114 84
115 84
116 85
117 85
118 85
119 85
120 85
121 85
122 85
123 85
124 85
125 85
126 85
127 85
128 85
129 85
130 85
131 85
132 85
133 85
134 85
135 86
136 86
137 86
138 86
139 86
140 86
141 87
142 87
143 87
144 87
145 87
146 88
147 88
148 88
149 88
150 89
151 89
152 89
153 89
154 89
155 89
156 89
157 89
158 89
159 89
160 89
161 89
162 89
163 89
164 89
165 89
166 89
167 89
168 89
169 89
170 89
171 89
172 89
173 89
174 90
175 90
176 90
177 90
178 90
179 90
180 90
181 90
182 90
183 90
184 90
185 90
186 90
187 90
188 90
189 90
190 90
191 90
192 90
193 90
194 90
195 90
196 90
197 90
198 90
199 90
200 90
201 90
202 90
203 91
204 91
205 91
206 91
207 91
208 91
209 91
210 91
211 91
212 91
213 91
214 91
215 91
216 91
217 91
218 91
219 91
220 91
221 91
222 91
223 91
224 91
225 91
226 91
227 91
228 91
229 91
230 91
231 91
232 91
233 91
234 91
235 91
236 91
237 91
238 91
239 91
240 91
241 91
242 91
243 92
244 92
245 92
246 92
247 92
248 92
249 92
250 92
251 92
252 92
253 92
254 92
255 92
256 92
257 92
258 92
259 92
260 92
261 92
262 92
263 92
264 92
265 92
266 92
267 93
268 93
269 93
270 93
271 93
272 93
273 93
274 93
275 94
276 94
277 94
278 94
279 94
280 94
281 94
282 94
283 94
284 94
285 94
286 94
287 94
288 94
289 94
290 94
291 94
292 94
293 94
294 94
295 94
296 94
297 94
298 94
299 94
300 94
301 94
302 94
303 94
304 94
305 94
306 94
307 94
308 94
309 94
310 94
311 94
312 94
313 94
314 94
315 94
316 95
317 95
318 95
319 95
320 95
321 95
322 95
323 96
324 96
325 96
326 96
327 96
328 96
329 96
330 96
331 96
332 96
333 96
334 96
335 96
336 96
337 96
338 96
339 96
340 96
341 96
342 96
343 96
344 96
345 96
346 96
347 96
348 96
349 96
350 96
351 96
352 96
353 96
354 96
355 96
356 96
357 96
358 96
359 96
360 96
361 96
362 96
363 96
364 96
365 96
366 96
367 96
368 96
369 96
370 96
371 96
372 96
373 96
374 96
375 96
376 96
377 96
378 97
379 97
380 97
381 97
382 97
383 97
384 97
385 97
386 97
387 97
388 97
389 97
390 97
391 97
392 97
393 97
394 97
395 97
396 97
397 97
398 97
399 98
400 98
401 98
402 98
403 98
404 98
405 98
406 98
407 98
408 98
409 98
410 98
411 98
412 98
413 98
414 98
415 98
416 98
417 98
418 98
419 98
420 98
421 98
422 98
423 98
424 98
425 98
426 98
427 98
428 98
429 98
430 98
431 98
432 98
433 98
434 98
435 98
436 98
437 98
438 98
439 98
440 98
441 99
442 99
443 99
444 99
445 99
446 99
447 99
448 99
449 99
450 99
451 99
452 99
453 99
454 99
455 99
456 99
457 99
458 99
459 99
460 99
461 99
462 99
463 99
464 99
465 99
466 99
467 99
468 99
469 99
470 99
471 99
472 99
473 99
474 99
475 99
476 99
477 99
478 99
479 99
480 99
481 99
482 99
483 99
484 99
485 99
486 99
487 99
488 99
489 99
490 99
491 99
492 99
493 99
494 99
495 99
496 99
497 99
498 99
499 99
500 99
501 99
502 99
503 99
504 99
505 99
506 99
507 99
508 99
509 99
510 99
511 99
512 99
513 99
514 99
515 99
516 99
517 99
518 99
519 99
520 99
521 99
522 99
523 99
524 99
525 99
526 99
527 99
528 99
529 99
530 99
531 99
532 99
533 99
534 99
535 99
536 99
537 99
538 99
539 99
540 99
541 99
542 99
543 99
544 99
545 99
546 99
547 99
548 99
549 99
550 99
551 99
552 99
553 99
554 99
555 99
556 99
557 99
558 99
559 99
560 99
561 99
562 99
563 99
564 99
565 99
566 99
567 99
568 99
569 99
570 99
571 99
572 99
573 99
574 99
575 99
576 100
577 100
578 100
579 100
580 100
581 100
582 100
583 100
584 100
585 100
586 100
587 100
588 100
589 100
590 100
591 100
592 100
593 100
594 100
595 100
596 100
597 100
598 100
599 100
600 100
601 100
602 100
603 100
604 100
605 100
606 100
607 100
608 100
609 100
610 100
611 100
612 100
613 100
614 100
615 100
616 100
617 100
618 100
619 100
620 100
621 100
622 100
623 100
624 100
625 100
626 100
627 100
628 100
629 100
630 100
631 100
632 100
633 100
634 100
635 100
636 100
637 100
638 100
639 100
640 100
641 100
642 100
643 100
644 100
645 100
646 100
647 100
648 100
649 100
650 100
651 100
652 100
653 100
654 100
655 100
656 100
657 100
658 100
659 100
660 100
661 100
662 100
663 100
664 100
665 100
666 100
667 100
668 100
669 100
670 100
671 100
672 100
673 100
674 100
675 100
676 100
677 100
678 100
679 100
680 100
681 100
682 100
683 100
684 100
685 100
686 100
687 100
688 100
689 100
690 100
691 100
692 100
693 100
694 100
695 100
696 100
697 100
698 100
699 100
700 100
701 100
702 100
703 100
704 100
705 100
706 100
707 100
708 100
709 100
710 100
711 100
712 100
713 100
714 100
715 100
716 100
717 100
718 100
719 100
720 100
721 100
722 100
723 100
724 100
725 100
726 100
727 100
728 100
729 100
730 100
731 100
732 100
733 100
734 100
735 100
736 100
737 100
738 100
739 100
740 100
741 100
742 100
743 100
744 100
745 100
746 100
747 100
748 100
749 100
750 100
751 100
752 100
753 100
754 100
755 100
756 100
757 100
758 100
759 100
760 100
761 100
762 100
763 100
764 100
765 100
766 100
767 100
768 100
769 100
770 100
771 100
772 100
773 100
774 100
775 100
776 100
777 100
778 100
779 100
780 100
781 100
782 100
783 100
784 100
785 100
786 100
787 100
788 100
789 100
790 100
791 100
792 100
793 100
794 100
795 100
796 100
797 100
798 100
799 100
800 100
801 100
802 100
803 100
804 100
805 100
806 100
807 100
808 100
809 100
810 100
811 100
812 100
813 100
814 100
815 100
816 100
817 100
818 100
819 100
820 100
821 100
822 100
823 100
824 100
825 100
826 100
827 100
828 100
829 100
830 100
831 100
832 100
833 100
834 100
835 100
836 100
837 100
838 100
839 100
840 100
841 100
842 100
843 100
844 100
845 100
846 100
847 100
848 100
849 100
850 100
851 100
852 100
853 100
854 100
855 100
856 100
857 100
858 100
859 100
860 100
861 100
862 100
863 100
864 100
865 100
866 100
867 100
868 100
869 100
870 100
871 100
872 100
873 100
874 100
875 100
876 100
877 100
878 100
879 100
880 100
881 100
882 100
883 100
884 100
885 100
886 100
887 100
888 100
889 100
890 100
891 100
892 100
893 100
894 100
895 100
896 100
897 100
898 100
899 100
900 100
901 100
902 100
903 100
904 100
905 100
906 100
907 100
908 100
909 100
910 100
911 100
912 100
913 100
914 100
915 100
916 100
917 100
918 100
919 100
920 100
921 100
922 100
923 100
924 100
925 100
926 100
927 100
928 100
929 100
930 100
931 100
932 100
933 100
934 100
935 100
936 100
937 100
938 100
939 100
940 100
941 100
942 100
943 100
944 100
945 100
946 100
947 100
948 100
949 100
950 100
951 100
952 100
953 100
954 100
955 100
956 100
957 100
958 100
959 100
960 100
961 100
962 100
963 100
964 100
965 100
966 100
967 100
968 100
969 100
970 100
971 100
972 100
973 100
974 100
975 100
976 100
977 100
978 100
979 100
980 100
981 100
982 100
983 100
984 100
985 100
986 100
987 100
988 100
989 100
990 100
991 100
992 100
993 100
994 100
995 100
996 100
997 100
998 100
999 100
1000 100
