0 54
1 54
2 55
3 56
4 57
5 58
6 58
7 58
8 58
9 58
10 58
11 58
12 58
13 58
14 58
15 58
16 59
17 59
18 59
19 60
20 60
21 60
22 60
23 60
24 61
25 61
26 61
27 62
28 63
29 64
30 64
31 64
32 65
33 65
34 65
35 66
36 67
37 67
38 68
39 68
40 68
41 68
42 68
43 68
44 68
45 68
46 68
47 69
48 70
49 71
50 72
51 72
52 73
53 73
54 73
55 73
56 73
57 73
58 74
59 74
60 74
61 74
62 74
63 75
64 76
65 76
66 76
67 77
68 77
69 77
70 78
71 78
72 78
73 78
74 78
75 78
76 78
77 78
78 78
79 78
80 78
81 79
82 80
83 80
84 80
85 80
86 80
87 80
88 80
89 80
90 80
91 81
92 81
93 81
94 81
95 81
96 81
97 81
98 81
99 81
100 81
101 81
102 81
103 81
104 82
105 82
106 83
107 83
108 83
109 84
110 85
111 85
112 85
113 85
114 85
115 86
116 86
117 86
118 86
119 86
120 86
121 86
122 86
123 86
124 86
125 86
126 86
127 86
128 86
129 86
130 86
131 86
132 86
133 86
134 86
135 86
136 86
137 86
138 86
139 87
140 87
141 87
142 87
143 87
144 87
145 87
146 87
147 87
148 88
149 88
150 89
151 89
152 89
153 89
154 89
155 89
156 89
157 89
158 89
159 89
160 90
161 90
162 90
163 90
164 90
165 90
166 90
167 90
168 90
169 90
170 90
171 90
172 90
173 90
174 90
175 90
176 90
177 90
178 90
179 90
180 90
181 90
182 90
183 90
184 91
185 91
186 91
187 91
188 92
189 92
190 92
191 92
192 92
193 92
194 92
195 92
196 93
197 93
198 93
199 93
200 93
201 93
202 93
203 93
204 93
205 93
206 93
207 93
208 93
209 93
210 93
211 93
212 93
213 93
214 93
215 93
216 93
217 93
218 93
219 93
220 93
221 93
222 93
223 93
224 93
225 93
226 93
227 93
228 93
229 93
230 93
231 93
232 93
233 93
234 93
235 93
236 93
237 93
238 93
239 93
240 93
241 93
242 93
243 93
244 93
245 93
246 93
247 93
248 93
249 93
250 93
251 93
252 93
253 93
254 93
255 93
256 93
257 93
258 94
259 94
260 94
261 94
262 94
263 94
264 94
265 94
266 94
267 94
268 95
269 95
270 95
271 96
272 96
273 96
274 96
275 96
276 96
277 96
278 96
279 96
280 96
281 96
282 96
283 96
284 96
285 96
286 96
287 96
288 96
289 96
290 96
291 96
292 96
293 96
294 96
295 96
296 96
297 96
298 96
299 96
300 96
301 96
302 96
303 96
304 96
305 96
306 96
307 96
308 96
309 96
310 96
311 96
312 96
313 96
314 96
315 96
316 96
317 96
318 96
319 96
320 96
321 96
322 96
323 96
324 96
325 96
326 96
327 96
328 96
329 96
330 96
331 96
332 96
333 96
334 96
335 96
336 96
337 96
338 96
339 96
340 96
341 96
342 96
343 96
344 96
345 96
346 96
347 96
348 96
349 96
350 96
351 96
352 96
353 96
354 96
355 96
356 96
357 96
358 96
359 96
360 97
361 97
362 97
363 97
364 97
365 97
366 97
367 97
368 97
369 97
370 97
371 97
372 97
373 97
374 97
375 97
376 97
377 97
378 97
379 97
380 97
381 97
382 97
383 97
384 97
385 97
386 97
387 97
388 97
389 97
390 97
391 97
392 97
393 97
394 97
395 97
396 97
397 97
398 97
399 97
400 97
401 97
402 97
403 97
404 97
405 97
406 97
407 97
408 97
409 97
410 97
411 97
412 97
413 97
414 98
415 98
416 98
417 98
418 98
419 98
420 98
421 98
422 98
423 98
424 98
425 98
426 98
427 98
428 98
429 98
430 98
431 98
432 98
433 98
434 98
435 98
436 98
437 98
438 98
439 98
440 98
441 98
442 98
443 98
444 98
445 98
446 98
447 98
448 98
449 98
450 98
451 98
452 98
453 98
454 98
455 98
456 98
457 98
458 98
459 98
460 98
461 98
462 98
463 98
464 98
465 98
466 98
467 98
468 98
469 98
470 98
471 98
472 98
473 98
474 98
475 98
476 98
477 98
478 98
479 98
480 98
481 98
482 98
483 98
484 98
485 98
486 98
487 98
488 98
489 98
490 98
491 98
492 98
493 98
494 98
495 98
496 98
497 98
498 98
499 98
500 98
501 98
502 98
503 98
504 98
505 98
506 98
507 98
508 98
509 98
510 98
511 98
512 98
513 98
514 98
515 98
516 98
517 98
518 98
519 98
520 98
521 98
522 98
523 98
524 98
525 98
526 98
527 98
528 98
529 98
530 98
531 98
532 98
533 98
534 98
535 98
536 98
537 98
538 98
539 98
540 98
541 98
542 98
543 98
544 98
545 98
546 98
547 98
548 98
549 98
550 98
551 98
552 98
553 98
554 98
555 98
556 98
557 98
558 98
559 98
560 98
561 98
562 98
563 98
564 98
565 98
566 98
567 98
568 98
569 98
570 98
571 98
572 98
573 98
574 98
575 98
576 98
577 98
578 98
579 98
580 98
581 98
582 98
583 98
584 99
585 99
586 99
587 99
588 99
589 99
590 99
591 99
592 99
593 99
594 99
595 99
596 99
597 99
598 99
599 99
600 99
601 99
602 99
603 99
604 99
605 99
606 99
607 99
608 99
609 99
610 99
611 99
612 99
613 99
614 99
615 99
616 99
617 99
618 99
619 99
620 99
621 99
622 99
623 99
624 99
625 99
626 99
627 99
628 99
629 99
630 99
631 99
632 99
633 99
634 99
635 99
636 99
637 99
638 99
639 99
640 99
641 99
642 99
643 99
644 99
645 99
646 99
647 99
648 99
649 99
650 99
651 99
652 99
653 99
654 99
655 99
656 99
657 99
658 99
659 99
660 99
661 99
662 99
663 99
664 99
665 99
666 99
667 99
668 99
669 99
670 99
671 99
672 99
673 99
674 99
675 99
676 99
677 99
678 99
679 99
680 99
681 99
682 99
683 99
684 99
685 99
686 99
687 99
688 99
689 99
690 99
691 99
692 99
693 99
694 99
695 99
696 99
697 99
698 99
699 99
700 99
701 99
702 99
703 99
704 99
705 99
706 99
707 99
708 99
709 99
710 99
711 99
712 99
713 99
714 99
715 99
716 99
717 99
718 99
719 99
720 99
721 99
722 99
723 99
724 99
725 99
726 99
727 99
728 99
729 99
730 99
731 99
732 99
733 99
734 99
735 99
736 99
737 99
738 99
739 99
740 99
741 99
742 99
743 99
744 99
745 100
746 100
747 100
748 100
749 100
750 100
751 100
752 100
753 100
754 100
755 100
756 100
757 100
758 100
759 100
760 100
761 100
762 100
763 100
764 100
765 100
766 100
767 100
768 100
769 100
770 100
771 100
772 100
773 100
774 100
775 100
776 100
777 100
778 100
779 100
780 100
781 100
782 100
783 100
784 100
785 100
786 100
787 100
788 100
789 100
790 100
791 100
792 100
793 100
794 100
795 100
796 100
797 100
798 100
799 100
800 100
801 100
802 100
803 100
804 100
805 100
806 100
807 100
808 100
809 100
810 100
811 100
812 100
813 100
814 100
815 100
816 100
817 100
818 100
819 100
820 100
821 100
822 100
823 100
824 100
825 100
826 100
827 100
828 100
829 100
830 100
831 100
832 100
833 100
834 100
835 100
836 100
837 100
838 100
839 100
840 100
841 100
842 100
843 100
844 100
845 100
846 100
847 100
848 100
849 100
850 100
851 100
852 100
853 100
854 100
855 100
856 100
857 100
858 100
859 100
860 100
861 100
862 100
863 100
864 100
865 100
866 100
867 100
868 100
869 100
870 100
871 100
872 100
873 100
874 100
875 100
876 100
877 100
878 100
879 100
880 100
881 100
882 100
883 100
884 100
885 100
886 100
887 100
888 100
889 100
890 100
891 100
892 100
893 100
894 100
895 100
896 100
897 100
898 100
899 100
900 100
901 100
902 100
903 100
904 100
905 100
906 100
907 100
908 100
909 100
910 100
911 100
912 100
913 100
914 100
915 100
916 100
917 100
918 100
919 100
920 100
921 100
922 100
923 100
924 100
925 100
926 100
927 100
928 100
929 100
930 100
931 100
932 100
933 100
934 100
935 100
936 100
937 100
938 100
939 100
940 100
941 100
942 100
943 100
944 100
945 100
946 100
947 100
948 100
949 100
950 100
951 100
952 100
953 100
954 100
955 100
956 100
957 100
958 100
959 100
960 100
961 100
962 100
963 100
964 100
965 100
966 100
967 100
968 100
969 100
970 100
971 100
972 100
973 100
974 100
975 100
976 100
977 100
978 100
979 100
980 100
981 100
982 100
983 100
984 100
985 100
986 100
987 100
988 100
989 100
990 100
991 100
992 100
993 100
994 100
995 100
996 100
997 100
998 100
999 100
1000 100
