0 45
1 45
2 46
3 46
4 46
5 46
6 46
7 47
8 48
9 49
10 50
11 51
12 51
13 51
14 52
15 53
16 54
17 55
18 56
19 57
20 57
21 57
22 57
23 57
24 58
25 58
26 58
27 59
28 59
29 60
30 60
31 60
32 60
33 61
34 62
35 62
36 62
37 63
38 64
39 64
40 64
41 64
42 65
43 65
44 66
45 66
46 66
47 67
48 67
49 67
50 68
51 69
52 69
53 69
54 69
55 70
56 70
57 71
58 71
59 71
60 71
61 71
62 71
63 72
64 72
65 72
66 72
67 72
68 72
69 72
70 72
71 72
72 72
73 72
74 72
75 72
76 73
77 73
78 73
79 74
80 74
81 75
82 75
83 76
84 76
85 77
86 77
87 77
88 77
89 77
90 78
91 78
92 78
93 78
94 78
95 78
96 78
97 79
98 79
99 79
100 79
101 79
102 79
103 80
104 80
105 80
106 80
107 80
108 80
109 80
110 80
111 80
112 80
113 80
114 80
115 80
116 80
117 80
118 80
119 80
120 81
121 81
122 81
123 82
124 82
125 82
126 82
127 82
128 82
129 82
130 82
131 82
132 82
133 82
134 82
135 82
136 82
137 82
138 83
139 83
140 84
141 84
142 84
143 84
144 84
145 85
146 85
147 85
148 85
149 85
150 85
151 85
152 85
153 85
154 85
155 85
156 85
157 85
158 85
159 85
160 85
161 85
162 86
163 87
164 87
165 87
166 87
167 87
168 87
169 87
170 87
171 88
172 88
173 88
174 88
175 89
176 89
177 89
178 89
179 89
180 89
181 89
182 89
183 89
184 89
185 89
186 89
187 89
188 89
189 89
190 89
191 89
192 89
193 89
194 90
195 90
196 90
197 91
198 91
199 92
200 92
201 93
202 93
203 93
204 93
205 93
206 93
207 93
208 94
209 94
210 94
211 94
212 94
213 94
214 94
215 94
216 94
217 94
218 94
219 94
220 94
221 94
222 94
223 94
224 94
225 95
226 95
227 95
228 95
229 95
230 95
231 95
232 95
233 95
234 95
235 95
236 95
237 95
238 95
239 95
240 95
241 95
242 95
243 95
244 95
245 95
246 95
247 95
248 95
249 95
250 95
251 95
252 95
253 95
254 95
255 95
256 95
257 95
258 95
259 95
260 95
261 95
262 95
263 95
264 95
265 95
266 95
267 95
268 95
269 95
270 95
271 95
272 95
273 95
274 95
275 95
276 95
277 95
278 95
279 95
280 95
281 95
282 95
283 95
284 95
285 95
286 95
287 95
288 95
289 95
290 95
291 95
292 95
293 95
294 95
295 95
296 95
297 95
298 95
299 95
300 95
301 95
302 95
303 95
304 95
305 95
306 95
307 95
308 95
309 95
310 95
311 95
312 95
313 95
314 95
315 95
316 95
317 95
318 95
319 95
320 95
321 95
322 95
323 95
324 95
325 95
326 96
327 96
328 96
329 96
330 96
331 96
332 96
333 96
334 96
335 96
336 96
337 96
338 96
339 96
340 96
341 96
342 96
343 96
344 96
345 96
346 96
347 96
348 96
349 96
350 96
351 96
352 96
353 96
354 96
355 96
356 96
357 96
358 96
359 96
360 96
361 96
362 96
363 96
364 96
365 96
366 96
367 96
368 96
369 97
370 97
371 97
372 97
373 97
374 97
375 97
376 97
377 97
378 97
379 97
380 97
381 97
382 98
383 98
384 98
385 98
386 98
387 98
388 98
389 98
390 98
391 98
392 98
393 98
394 98
395 98
396 98
397 98
398 98
399 98
400 98
401 98
402 99
403 99
404 99
405 99
406 99
407 99
408 99
409 99
410 99
411 99
412 99
413 99
414 99
415 99
416 99
417 99
418 99
419 99
420 99
421 99
422 99
423 99
424 99
425 99
426 99
427 99
428 99
429 99
430 99
431 99
432 99
433 99
434 99
435 99
436 99
437 99
438 99
439 99
440 99
441 99
442 99
443 99
444 99
445 99
446 99
447 99
448 99
449 99
450 99
451 99
452 99
453 99
454 99
455 99
456 99
457 99
458 99
459 99
460 99
461 99
462 99
463 99
464 99
465 99
466 99
467 99
468 99
469 99
470 99
471 99
472 99
473 99
474 99
475 99
476 99
477 99
478 99
479 99
480 99
481 99
482 99
483 99
484 99
485 99
486 99
487 99
488 99
489 99
490 99
491 99
492 99
493 99
494 99
495 99
496 99
497 99
498 99
499 99
500 99
501 99
502 99
503 99
504 99
505 99
506 99
507 99
508 99
509 99
510 99
511 99
512 99
513 99
514 99
515 99
516 99
517 99
518 99
519 99
520 99
521 99
522 99
523 99
524 99
525 99
526 99
527 99
528 99
529 99
530 99
531 99
532 99
533 99
534 99
535 99
536 99
537 99
538 99
539 99
540 99
541 99
542 99
543 99
544 99
545 99
546 99
547 99
548 99
549 99
550 99
551 99
552 99
553 99
554 99
555 99
556 99
557 99
558 99
559 99
560 99
561 99
562 99
563 99
564 99
565 99
566 99
567 99
568 99
569 99
570 99
571 99
572 99
573 99
574 99
575 99
576 99
577 99
578 99
579 99
580 99
581 99
582 99
583 99
584 99
585 99
586 99
587 100
588 100
589 100
590 100
591 100
592 100
593 100
594 100
595 100
596 100
597 100
598 100
599 100
600 100
601 100
602 100
603 100
604 100
605 100
606 100
607 100
608 100
609 100
610 100
611 100
612 100
613 100
614 100
615 100
616 100
617 100
618 100
619 100
620 100
621 100
622 100
623 100
624 100
625 100
626 100
627 100
628 100
629 100
630 100
631 100
632 100
633 100
634 100
635 100
636 100
637 100
638 100
639 100
640 100
641 100
642 100
643 100
644 100
645 100
646 100
647 100
648 100
649 100
650 100
651 100
652 100
653 100
654 100
655 100
656 100
657 100
658 100
659 100
660 100
661 100
662 100
663 100
664 100
665 100
666 100
667 100
668 100
669 100
670 100
671 100
672 100
673 100
674 100
675 100
676 100
677 100
678 100
679 100
680 100
681 100
682 100
683 100
684 100
685 100
686 100
687 100
688 100
689 100
690 100
691 100
692 100
693 100
694 100
695 100
696 100
697 100
698 100
699 100
700 100
701 100
702 100
703 100
704 100
705 100
706 100
707 100
708 100
709 100
710 100
711 100
712 100
713 100
714 100
715 100
716 100
717 100
718 100
719 100
720 100
721 100
722 100
723 100
724 100
725 100
726 100
727 100
728 100
729 100
730 100
731 100
732 100
733 100
734 100
735 100
736 100
737 100
738 100
739 100
740 100
741 100
742 100
743 100
744 100
745 100
746 100
747 100
748 100
749 100
750 100
751 100
752 100
753 100
754 100
755 100
756 100
757 100
758 100
759 100
760 100
761 100
762 100
763 100
764 100
765 100
766 100
767 100
768 100
769 100
770 100
771 100
772 100
773 100
774 100
775 100
776 100
777 100
778 100
779 100
780 100
781 100
782 100
783 100
784 100
785 100
786 100
787 100
788 100
789 100
790 100
791 100
792 100
793 100
794 100
795 100
796 100
797 100
798 100
799 100
800 100
801 100
802 100
803 100
804 100
805 100
806 100
807 100
808 100
809 100
810 100
811 100
812 100
813 100
814 100
815 100
816 100
817 100
818 100
819 100
820 100
821 100
822 100
823 100
824 100
825 100
826 100
827 100
828 100
829 100
830 100
831 100
832 100
833 100
834 100
835 100
836 100
837 100
838 100
839 100
840 100
841 100
842 100
843 100
844 100
845 100
846 100
847 100
848 100
849 100
850 100
851 100
852 100
853 100
854 100
855 100
856 100
857 100
858 100
859 100
860 100
861 100
862 100
863 100
864 100
865 100
866 100
867 100
868 100
869 100
870 100
871 100
872 100
873 100
874 100
875 100
876 100
877 100
878 100
879 100
880 100
881 100
882 100
883 100
884 100
885 100
886 100
887 100
888 100
889 100
890 100
891 100
892 100
893 100
894 100
895 100
896 100
897 100
898 100
899 100
900 100
901 100
902 100
903 100
904 100
905 100
906 100
907 100
908 100
909 100
910 100
911 100
912 100
913 100
914 100
915 100
916 100
917 100
918 100
919 100
920 100
921 100
922 100
923 100
924 100
925 100
926 100
927 100
928 100
929 100
930 100
931 100
932 100
933 100
934 100
935 100
936 100
937 100
938 100
939 100
940 100
941 100
942 100
943 100
944 100
945 100
946 100
947 100
948 100
949 100
950 100
951 100
952 100
953 100
954 100
955 100
956 100
957 100
958 100
959 100
960 100
961 100
962 100
963 100
964 100
965 100
966 100
967 100
968 100
969 100
970 100
971 100
972 100
973 100
974 100
975 100
976 100
977 100
978 100
979 100
980 100
981 100
982 100
983 100
984 100
985 100
986 100
987 100
988 100
989 100
990 100
991 100
992 100
993 100
994 100
995 100
996 100
997 100
998 100
999 100
1000 100
