0 57
1 58
2 59
3 60
4 61
5 61
6 61
7 62
8 63
9 63
10 64
11 65
12 65
13 65
14 65
15 66
16 66
17 67
18 68
19 68
20 68
21 69
22 70
23 71
24 71
25 71
26 72
27 72
28 72
29 72
30 73
31 74
32 74
33 74
34 74
35 74
36 74
37 74
38 74
39 75
40 75
41 75
42 75
43 75
44 75
45 75
46 75
47 76
48 77
49 77
50 78
51 78
52 79
53 79
54 79
55 79
56 79
57 79
58 80
59 81
60 81
61 81
62 81
63 81
64 81
65 81
66 81
67 81
68 81
69 81
70 81
71 81
72 81
73 81
74 81
75 81
76 81
77 81
78 81
79 81
80 81
81 82
82 82
83 83
84 83
85 83
86 83
87 83
88 84
89 85
90 86
91 86
92 86
93 86
94 87
95 87
96 87
97 87
98 87
99 87
100 87
101 88
102 88
103 89
104 89
105 89
106 89
107 89
108 90
109 90
110 90
111 90
112 90
113 90
114 90
115 90
116 90
117 90
118 91
119 91
120 91
121 92
122 92
123 92
124 92
125 92
126 92
127 92
128 92
129 92
130 92
131 92
132 92
133 92
134 92
135 92
136 92
137 92
138 92
139 92
140 92
141 92
142 92
143 92
144 92
145 92
146 92
147 92
148 92
149 92
150 92
151 92
152 92
153 92
154 92
155 92
156 92
157 92
158 92
159 92
160 92
161 92
162 92
163 92
164 92
165 92
166 92
167 92
168 92
169 92
170 92
171 92
172 92
173 92
174 92
175 92
176 92
177 92
178 92
179 93
180 93
181 93
182 93
183 93
184 93
185 93
186 93
187 93
188 93
189 93
190 93
191 93
192 93
193 93
194 93
195 93
196 93
197 93
198 93
199 93
200 93
201 93
202 93
203 93
204 93
205 93
206 93
207 93
208 94
209 94
210 95
211 95
212 95
213 95
214 95
215 95
216 95
217 95
218 95
219 95
220 95
221 95
222 95
223 95
224 95
225 95
226 95
227 95
228 95
229 95
230 95
231 95
232 95
233 95
234 95
235 95
236 95
237 95
238 95
239 95
240 95
241 95
242 95
243 95
244 95
245 95
246 95
247 95
248 95
249 95
250 95
251 95
252 95
253 95
254 95
255 95
256 95
257 95
258 95
259 95
260 95
261 95
262 95
263 95
264 95
265 95
266 95
267 95
268 95
269 95
270 95
271 95
272 95
273 95
274 95
275 95
276 95
277 95
278 95
279 95
280 95
281 95
282 95
283 95
284 95
285 95
286 95
287 95
288 95
289 95
290 95
291 95
292 95
293 95
294 95
295 95
296 95
297 95
298 95
299 95
300 95
301 95
302 95
303 95
304 95
305 95
306 95
307 95
308 95
309 95
310 95
311 96
312 96
313 96
314 96
315 96
316 96
317 96
318 96
319 96
320 96
321 96
322 96
323 96
324 96
325 96
326 96
327 96
328 96
329 96
330 96
331 96
332 96
333 96
334 96
335 96
336 96
337 96
338 96
339 96
340 96
341 96
342 96
343 96
344 96
345 96
346 96
347 96
348 96
349 96
350 96
351 96
352 96
353 96
354 96
355 96
356 96
357 96
358 96
359 96
360 96
361 96
362 96
363 96
364 96
365 96
366 96
367 96
368 96
369 96
370 96
371 96
372 96
373 96
374 96
375 96
376 96
377 96
378 96
379 96
380 96
381 96
382 96
383 96
384 96
385 96
386 96
387 96
388 96
389 96
390 96
391 96
392 96
393 96
394 96
395 96
396 96
397 96
398 96
399 96
400 96
401 96
402 96
403 96
404 96
405 96
406 96
407 96
408 96
409 96
410 96
411 96
412 96
413 96
414 96
415 96
416 97
417 97
418 97
419 97
420 97
421 97
422 97
423 97
424 97
425 97
426 97
427 97
428 97
429 97
430 97
431 97
432 97
433 97
434 97
435 97
436 97
437 97
438 97
439 97
440 97
441 97
442 97
443 97
444 97
445 97
446 97
447 97
448 97
449 97
450 97
451 97
452 97
453 97
454 97
455 97
456 97
457 97
458 97
459 97
460 97
461 97
462 97
463 97
464 97
465 97
466 97
467 97
468 97
469 97
470 97
471 97
472 97
473 97
474 97
475 97
476 97
477 97
478 97
479 97
480 97
481 97
482 97
483 97
484 97
485 97
486 97
487 98
488 98
489 98
490 98
491 98
492 98
493 98
494 98
495 98
496 98
497 98
498 98
499 98
500 98
501 98
502 98
503 98
504 98
505 98
506 98
507 98
508 98
509 98
510 98
511 98
512 98
513 98
514 98
515 98
516 98
517 98
518 98
519 98
520 98
521 98
522 98
523 98
524 98
525 98
526 98
527 98
528 98
529 98
530 98
531 98
532 98
533 98
534 98
535 98
536 99
537 99
538 99
539 99
540 99
541 99
542 99
543 99
544 99
545 99
546 99
547 99
548 99
549 99
550 99
551 99
552 99
553 99
554 99
555 99
556 99
557 99
558 99
559 99
560 99
561 99
562 99
563 99
564 99
565 99
566 99
567 99
568 99
569 99
570 99
571 99
572 99
573 99
574 99
575 99
576 99
577 99
578 99
579 99
580 99
581 99
582 99
583 99
584 99
585 99
586 99
587 99
588 99
589 99
590 99
591 99
592 99
593 99
594 99
595 99
596 99
597 99
598 99
599 99
600 99
601 99
602 99
603 99
604 99
605 99
606 99
607 99
608 99
609 99
610 99
611 99
612 99
613 99
614 99
615 99
616 99
617 99
618 99
619 99
620 99
621 99
622 99
623 99
624 99
625 99
626 99
627 99
628 99
629 99
630 99
631 99
632 99
633 99
634 99
635 99
636 99
637 99
638 99
639 99
640 99
641 99
642 99
643 99
644 99
645 99
646 99
647 99
648 99
649 99
650 99
651 99
652 99
653 99
654 99
655 99
656 99
657 99
658 99
659 99
660 99
661 99
662 99
663 99
664 99
665 99
666 99
667 99
668 99
669 99
670 99
671 99
672 99
673 99
674 99
675 99
676 99
677 99
678 99
679 99
680 99
681 99
682 99
683 99
684 99
685 99
686 99
687 99
688 99
689 99
690 99
691 99
692 99
693 100
694 100
695 100
696 100
697 100
698 100
699 100
700 100
701 100
702 100
703 100
704 100
705 100
706 100
707 100
708 100
709 100
710 100
711 100
712 100
713 100
714 100
715 100
716 100
717 100
718 100
719 100
720 100
721 100
722 100
723 100
724 100
725 100
726 100
727 100
728 100
729 100
730 100
731 100
732 100
733 100
734 100
735 100
736 100
737 100
738 100
739 100
740 100
741 100
742 100
743 100
744 100
745 100
746 100
747 100
748 100
749 100
750 100
751 100
752 100
753 100
754 100
755 100
756 100
757 100
758 100
759 100
760 100
761 100
762 100
763 100
764 100
765 100
766 100
767 100
768 100
769 100
770 100
771 100
772 100
773 100
774 100
775 100
776 100
777 100
778 100
779 100
780 100
781 100
782 100
783 100
784 100
785 100
786 100
787 100
788 100
789 100
790 100
791 100
792 100
793 100
794 100
795 100
796 100
797 100
798 100
799 100
800 100
801 100
802 100
803 100
804 100
805 100
806 100
807 100
808 100
809 100
810 100
811 100
812 100
813 100
814 100
815 100
816 100
817 100
818 100
819 100
820 100
821 100
822 100
823 100
824 100
825 100
826 100
827 100
828 100
829 100
830 100
831 100
832 100
833 100
834 100
835 100
836 100
837 100
838 100
839 100
840 100
841 100
842 100
843 100
844 100
845 100
846 100
847 100
848 100
849 100
850 100
851 100
852 100
853 100
854 100
855 100
856 100
857 100
858 100
859 100
860 100
861 100
862 100
863 100
864 100
865 100
866 100
867 100
868 100
869 100
870 100
871 100
872 100
873 100
874 100
875 100
876 100
877 100
878 100
879 100
880 100
881 100
882 100
883 100
884 100
885 100
886 100
887 100
888 100
889 100
890 100
891 100
892 100
893 100
894 100
895 100
896 100
897 100
898 100
899 100
900 100
901 100
902 100
903 100
904 100
905 100
906 100
907 100
908 100
909 100
910 100
911 100
912 100
913 100
914 100
915 100
916 100
917 100
918 100
919 100
920 100
921 100
922 100
923 100
924 100
925 100
926 100
927 100
928 100
929 100
930 100
931 100
932 100
933 100
934 100
935 100
936 100
937 100
938 100
939 100
940 100
941 100
942 100
943 100
944 100
945 100
946 100
947 100
948 100
949 100
950 100
951 100
952 100
953 100
954 100
955 100
956 100
957 100
958 100
959 100
960 100
961 100
962 100
963 100
964 100
965 100
966 100
967 100
968 100
969 100
970 100
971 100
972 100
973 100
974 100
975 100
976 100
977 100
978 100
979 100
980 100
981 100
982 100
983 100
984 100
985 100
986 100
987 100
988 100
989 100
990 100
991 100
992 100
993 100
994 100
995 100
996 100
997 100
998 100
999 100
1000 100
