0 48
1 49
2 50
3 51
4 52
5 52
6 53
7 53
8 54
9 54
10 54
11 55
12 56
13 56
14 57
15 57
16 57
17 58
18 59
19 60
20 61
21 62
22 62
23 62
24 63
25 63
26 63
27 63
28 63
29 63
30 63
31 64
32 64
33 65
34 66
35 66
36 67
37 68
38 68
39 68
40 68
41 69
42 69
43 70
44 70
45 71
46 71
47 71
48 71
49 71
50 71
51 71
52 71
53 71
54 71
55 71
56 71
57 71
58 71
59 71
60 72
61 72
62 72
63 73
64 74
65 74
66 74
67 74
68 74
69 75
70 75
71 75
72 75
73 75
74 76
75 76
76 76
77 76
78 76
79 76
80 77
81 78
82 78
83 78
84 78
85 78
86 78
87 78
88 78
89 78
90 78
91 78
92 78
93 78
94 78
95 79
96 79
97 79
98 79
99 79
100 79
101 79
102 80
103 80
104 80
105 80
106 80
107 80
108 80
109 80
110 80
111 80
112 81
113 81
114 81
115 81
116 81
117 81
118 81
119 81
120 81
121 81
122 81
123 82
124 82
125 82
126 82
127 82
128 82
129 82
130 83
131 83
132 83
133 83
134 84
135 85
136 85
137 85
138 85
139 85
140 85
141 85
142 85
143 85
144 85
145 85
146 85
147 85
148 85
149 85
150 85
151 86
152 86
153 86
154 87
155 87
156 87
157 88
158 88
159 88
160 88
161 88
162 88
163 88
164 88
165 88
166 88
167 88
168 88
169 88
170 88
171 88
172 88
173 89
174 89
175 89
176 89
177 89
178 89
179 89
180 89
181 89
182 89
183 90
184 90
185 90
186 90
187 90
188 90
189 90
190 90
191 90
192 90
193 90
194 90
195 90
196 90
197 90
198 90
199 90
200 90
201 90
202 90
203 90
204 90
205 90
206 90
207 90
208 90
209 90
210 90
211 90
212 90
213 90
214 90
215 90
216 90
217 90
218 90
219 90
220 90
221 90
222 90
223 90
224 90
225 90
226 90
227 90
228 90
229 90
230 90
231 90
232 90
233 90
234 90
235 90
236 90
237 90
238 90
239 91
240 91
241 91
242 91
243 91
244 91
245 91
246 91
247 91
248 91
249 91
250 91
251 91
252 91
253 91
254 91
255 91
256 91
257 91
258 91
259 91
260 91
261 91
262 91
263 91
264 91
265 92
266 92
267 92
268 92
269 92
270 92
271 92
272 92
273 92
274 92
275 92
276 92
277 92
278 92
279 92
280 92
281 92
282 92
283 92
284 92
285 92
286 92
287 92
288 92
289 93
290 93
291 93
292 93
293 93
294 93
295 93
296 93
297 93
298 93
299 93
300 93
301 93
302 93
303 93
304 94
305 94
306 94
307 94
308 94
309 94
310 95
311 95
312 95
313 95
314 95
315 95
316 95
317 95
318 95
319 95
320 95
321 95
322 95
323 95
324 95
325 95
326 96
327 96
328 96
329 96
330 96
331 96
332 96
333 97
334 97
335 97
336 97
337 97
338 97
339 97
340 97
341 97
342 97
343 97
344 97
345 97
346 97
347 97
348 97
349 97
350 97
351 97
352 97
353 97
354 97
355 97
356 97
357 97
358 97
359 98
360 98
361 98
362 98
363 98
364 98
365 98
366 98
367 98
368 98
369 98
370 98
371 98
372 98
373 98
374 98
375 98
376 98
377 98
378 98
379 98
380 98
381 98
382 98
383 98
384 98
385 98
386 98
387 98
388 98
389 98
390 98
391 98
392 98
393 98
394 98
395 98
396 98
397 98
398 98
399 98
400 98
401 98
402 98
403 98
404 98
405 98
406 98
407 98
408 98
409 98
410 98
411 98
412 98
413 98
414 98
415 98
416 98
417 98
418 98
419 98
420 98
421 98
422 98
423 98
424 98
425 98
426 98
427 98
428 98
429 98
430 98
431 98
432 98
433 98
434 98
435 98
436 98
437 98
438 98
439 98
440 99
441 99
442 99
443 99
444 99
445 99
446 99
447 99
448 99
449 99
450 99
451 99
452 99
453 99
454 99
455 99
456 99
457 99
458 99
459 99
460 99
461 99
462 99
463 99
464 99
465 99
466 99
467 99
468 99
469 99
470 99
471 99
472 99
473 99
474 99
475 99
476 99
477 99
478 99
479 99
480 99
481 99
482 99
483 99
484 99
485 99
486 99
487 99
488 99
489 99
490 99
491 99
492 99
493 99
494 99
495 99
496 99
497 99
498 99
499 99
500 99
501 99
502 99
503 99
504 99
505 99
506 99
507 99
508 99
509 99
510 99
511 99
512 99
513 99
514 99
515 99
516 99
517 99
518 99
519 99
520 99
521 100
522 100
523 100
524 100
525 100
526 100
527 100
528 100
529 100
530 100
531 100
532 100
533 100
534 100
535 100
536 100
537 100
538 100
539 100
540 100
541 100
542 100
543 100
544 100
545 100
546 100
547 100
548 100
549 100
550 100
551 100
552 100
553 100
554 100
555 100
556 100
557 100
558 100
559 100
560 100
561 100
562 100
563 100
564 100
565 100
566 100
567 100
568 100
569 100
570 100
571 100
572 100
573 100
574 100
575 100
576 100
577 100
578 100
579 100
580 100
581 100
582 100
583 100
584 100
585 100
586 100
587 100
588 100
589 100
590 100
591 100
592 100
593 100
594 100
595 100
596 100
597 100
598 100
599 100
600 100
601 100
602 100
603 100
604 100
605 100
606 100
607 100
608 100
609 100
610 100
611 100
612 100
613 100
614 100
615 100
616 100
617 100
618 100
619 100
620 100
621 100
622 100
623 100
624 100
625 100
626 100
627 100
628 100
629 100
630 100
631 100
632 100
633 100
634 100
635 100
636 100
637 100
638 100
639 100
640 100
641 100
642 100
643 100
644 100
645 100
646 100
647 100
648 100
649 100
650 100
651 100
652 100
653 100
654 100
655 100
656 100
657 100
658 100
659 100
660 100
661 100
662 100
663 100
664 100
665 100
666 100
667 100
668 100
669 100
670 100
671 100
672 100
673 100
674 100
675 100
676 100
677 100
678 100
679 100
680 100
681 100
682 100
683 100
684 100
685 100
686 100
687 100
688 100
689 100
690 100
691 100
692 100
693 100
694 100
695 100
696 100
697 100
698 100
699 100
700 100
701 100
702 100
703 100
704 100
705 100
706 100
707 100
708 100
709 100
710 100
711 100
712 100
713 100
714 100
715 100
716 100
717 100
718 100
719 100
720 100
721 100
722 100
723 100
724 100
725 100
726 100
727 100
728 100
729 100
730 100
731 100
732 100
733 100
734 100
735 100
736 100
737 100
738 100
739 100
740 100
741 100
742 100
743 100
744 100
745 100
746 100
747 100
748 100
749 100
750 100
751 100
752 100
753 100
754 100
755 100
756 100
757 100
758 100
759 100
760 100
761 100
762 100
763 100
764 100
765 100
766 100
767 100
768 100
769 100
770 100
771 100
772 100
773 100
774 100
775 100
776 100
777 100
778 100
779 100
780 100
781 100
782 100
783 100
784 100
785 100
786 100
787 100
788 100
789 100
790 100
791 100
792 100
793 100
794 100
795 100
796 100
797 100
798 100
799 100
800 100
801 100
802 100
803 100
804 100
805 100
806 100
807 100
808 100
809 100
810 100
811 100
812 100
813 100
814 100
815 100
816 100
817 100
818 100
819 100
820 100
821 100
822 100
823 100
824 100
825 100
826 100
827 100
828 100
829 100
830 100
831 100
832 100
833 100
834 100
835 100
836 100
837 100
838 100
839 100
840 100
841 100
842 100
843 100
844 100
845 100
846 100
847 100
848 100
849 100
850 100
851 100
852 100
853 100
854 100
855 100
856 100
857 100
858 100
859 100
860 100
861 100
862 100
863 100
864 100
865 100
866 100
867 100
868 100
869 100
870 100
871 100
872 100
873 100
874 100
875 100
876 100
877 100
878 100
879 100
880 100
881 100
882 100
883 100
884 100
885 100
886 100
887 100
888 100
889 100
890 100
891 100
892 100
893 100
894 100
895 100
896 100
897 100
898 100
899 100
900 100
901 100
902 100
903 100
904 100
905 100
906 100
907 100
908 100
909 100
910 100
911 100
912 100
913 100
914 100
915 100
916 100
917 100
918 100
919 100
920 100
921 100
922 100
923 100
924 100
925 100
926 100
927 100
928 100
929 100
930 100
931 100
932 100
933 100
934 100
935 100
936 100
937 100
938 100
939 100
940 100
941 100
942 100
943 100
944 100
945 100
946 100
947 100
948 100
949 100
950 100
951 100
952 100
953 100
954 100
955 100
956 100
957 100
958 100
959 100
960 100
961 100
962 100
963 100
964 100
965 100
966 100
967 100
968 100
969 100
970 100
971 100
972 100
973 100
974 100
975 100
976 100
977 100
978 100
979 100
980 100
981 100
982 100
983 100
984 100
985 100
986 100
987 100
988 100
989 100
990 100
991 100
992 100
993 100
994 100
995 100
996 100
997 100
998 100
999 100
1000 100
