0 0.000000
1 339.233333
2 610.366667
3 708.900000
4 742.966667
5 759.200000
6 765.200000
7 766.500000
8 766.933333
9 767.000000
10 767.000000
11 767.000000
12 767.000000
13 767.000000
14 767.000000
15 767.000000
16 767.000000
17 767.000000
18 767.000000
19 767.000000
20 767.000000
21 767.000000
22 767.000000
23 767.000000
24 767.000000
25 767.000000
26 767.000000
27 767.000000
28 767.000000
29 767.000000
30 767.000000
31 767.000000
32 767.000000
33 767.000000
34 767.000000
35 767.000000
36 767.000000
37 767.000000
38 767.000000
39 767.000000
40 767.000000
41 767.000000
42 767.000000
43 767.000000
44 767.000000
45 767.000000
46 767.000000
47 767.000000
48 767.000000
49 767.000000
50 767.000000
51 767.000000
52 767.000000
53 767.000000
54 767.000000
55 767.000000
56 767.000000
57 767.000000
58 767.000000
59 767.000000
60 767.000000
